b00,b01,b02,b03,b04,b05,b06,b07,b10,b11,b12,b13,b14,b15,b16,b17,b20,b21,b22,b23,b24,b25,b26,b27,hand_me,hand_enemy,board_me,board_enemy,solto,solfrom,solremove
2,1,0,0,1,1,0,0,2,2,0,0,1,0,0,0,0,2,2,0,1,2,0,0,1,1,5,6,"211600"
0,1,0,1,0,0,0,1,1,0,1,0,2,0,0,2,2,1,1,0,0,1,2,0,0,0,8,4,"101125"
0,0,0,1,0,2,2,1,2,0,1,0,2,2,1,0,1,2,1,2,1,0,2,0,1,0,7,8,"010000"
1,0,0,0,0,2,0,2,1,2,2,0,1,2,2,0,0,0,0,2,0,0,2,0,0,0,3,8,"002413"
0,1,2,0,0,0,0,2,0,2,0,0,1,0,1,0,0,0,0,0,0,2,0,0,0,0,3,4,"030500"
2,2,1,1,2,2,0,0,0,0,2,2,1,0,0,0,0,0,0,1,2,0,2,0,0,0,4,8,"020300"
0,0,2,0,2,2,1,1,1,0,0,1,0,1,1,0,1,2,0,2,2,0,0,0,0,0,7,6,"222324"
1,0,0,0,2,0,0,2,2,1,1,0,1,0,1,1,0,0,1,2,0,2,2,2,0,0,7,7,"000100"
1,1,1,2,0,0,2,0,2,2,0,1,1,1,0,0,2,0,2,0,0,1,0,0,0,0,7,6,"271700"
0,1,0,2,0,0,2,0,1,0,2,0,1,0,0,2,1,0,0,0,0,1,0,0,0,0,5,4,"252417"
0,1,1,0,0,0,2,2,0,0,2,1,0,0,1,2,1,2,1,1,0,1,0,1,0,0,9,5,"040521"
1,2,0,0,0,1,0,0,2,1,2,0,0,1,2,0,0,0,0,1,1,1,0,2,1,1,7,5,"160100"
2,0,0,0,0,0,0,0,1,2,0,2,0,1,0,1,1,1,0,2,0,0,2,0,0,0,5,5,"132307"
0,0,2,1,2,0,2,1,1,0,1,0,2,2,2,1,0,1,2,1,1,2,0,0,0,0,8,8,"152516"
0,1,1,0,2,0,2,2,0,0,0,2,0,2,2,0,2,1,0,2,0,2,0,1,0,0,4,9,"040500"
0,2,1,0,0,0,1,1,1,0,0,2,0,0,1,1,0,0,0,0,0,2,1,1,0,0,8,3,"051500"
0,0,0,1,0,0,2,0,0,2,1,0,0,0,0,2,0,0,1,2,2,0,0,0,0,0,3,5,"100500"
1,1,0,0,0,0,2,2,0,2,1,0,2,0,1,0,0,0,0,0,1,2,2,2,0,0,5,7,"030221"
1,0,0,0,0,0,2,1,0,1,0,2,0,0,2,0,1,0,0,2,0,1,0,1,0,0,6,4,"071700"
1,0,1,0,1,2,0,1,2,1,1,1,0,0,1,2,2,0,0,0,0,0,0,1,0,0,9,4,"020125"
0,0,0,1,1,1,2,0,2,0,0,0,2,0,2,0,0,2,0,0,0,0,0,0,0,0,3,5,"111300"
1,0,0,0,0,2,0,2,2,1,0,0,2,2,0,0,0,1,0,0,1,1,0,0,3,2,5,5,"200000"
2,1,0,2,1,0,0,2,1,0,1,2,0,1,0,0,2,1,2,1,0,0,2,0,0,0,7,7,"132321"
1,2,0,2,1,1,0,0,0,1,0,0,0,2,0,0,0,0,2,2,2,1,0,0,3,2,5,6,"170000"
1,2,1,2,0,1,0,0,0,1,1,1,1,2,2,0,0,1,0,0,2,0,0,0,0,0,8,5,"272600"
0,1,1,2,2,0,0,1,2,0,1,2,0,1,2,0,2,1,2,2,1,1,2,0,0,0,8,9,"010000"
2,1,1,0,2,0,1,2,2,2,1,0,0,0,0,0,2,0,1,2,0,0,2,2,0,0,5,9,"172700"
0,0,1,0,0,0,0,0,0,1,0,0,0,0,0,2,1,2,0,0,0,2,2,0,0,0,3,4,"071500"
0,2,0,0,1,0,1,2,0,0,2,1,0,0,0,1,1,1,0,2,0,2,0,0,0,0,6,5,"242300"
0,0,0,2,0,0,0,1,0,2,1,1,0,0,0,2,0,0,0,0,0,1,0,0,0,0,4,3,"060500"
1,2,0,2,0,0,1,0,1,2,0,2,1,0,0,0,0,1,2,0,0,0,1,0,0,0,6,5,"222100"
2,0,0,0,0,0,0,0,1,1,1,1,2,2,1,0,2,0,0,1,0,2,2,1,1,1,7,6,"022300"
0,0,0,2,0,0,0,0,0,0,0,0,1,0,0,0,0,0,0,0,2,0,0,0,8,7,1,2,"150000"
0,0,0,0,2,0,0,0,0,0,0,0,0,0,1,0,2,0,1,1,1,2,1,2,0,0,5,4,"141300"
1,0,0,0,0,1,0,0,0,1,0,0,0,1,0,0,2,2,0,1,2,1,0,2,0,0,6,4,"071700"
2,0,0,0,2,1,2,1,1,2,0,0,1,1,2,1,0,2,2,1,2,2,0,0,0,0,7,9,"262700"
2,1,0,0,2,0,0,2,0,0,0,0,2,0,2,0,1,1,0,0,0,0,0,0,0,0,3,5,"012621"
0,0,0,0,0,0,0,1,0,0,0,0,0,2,0,2,1,0,0,0,2,1,2,0,0,0,3,4,"061500"
0,2,0,2,2,2,0,2,1,1,1,0,2,0,0,1,0,0,0,0,2,0,1,2,0,0,5,8,"262714"
2,0,2,0,2,2,1,1,1,1,1,1,0,2,1,0,2,0,0,0,2,0,0,0,0,0,7,7,"272600"
0,0,1,2,1,1,2,0,1,1,2,2,0,2,1,2,0,0,0,0,2,0,0,1,1,1,7,7,"210000"
0,2,0,0,1,1,0,2,0,0,0,2,2,1,2,2,0,0,0,0,0,0,0,0,0,0,3,6,"111421"
0,1,2,0,1,2,0,0,0,0,1,0,0,1,0,0,0,0,0,1,2,0,0,2,0,0,5,4,"170700"
0,2,0,2,1,0,0,1,2,1,0,1,2,1,2,2,0,0,0,0,1,1,2,0,0,0,7,7,"071700"
0,2,0,0,1,2,0,0,0,0,1,0,1,1,0,2,0,1,0,1,0,1,1,1,0,0,9,3,"040312"
1,2,0,0,0,0,0,0,0,2,2,0,1,2,0,0,0,0,0,0,0,1,2,1,0,0,4,5,"232400"
2,0,1,0,2,0,0,0,0,2,0,0,1,2,1,1,1,1,0,0,2,2,0,1,1,1,7,6,"221300"
2,0,1,0,0,0,2,0,0,2,0,0,2,1,0,2,0,0,0,2,1,2,0,1,0,0,4,7,"130326"
2,0,2,2,2,0,0,0,0,1,0,2,1,1,1,0,0,2,1,1,2,0,0,0,0,0,6,7,"150500"
1,1,1,0,0,0,0,0,1,0,0,0,0,2,2,0,0,2,0,0,0,2,0,1,4,4,5,4,"210000"
0,0,1,0,0,2,0,0,0,0,0,1,2,0,1,0,1,1,1,1,1,0,1,2,0,0,9,3,"272612"
0,0,0,0,0,0,0,1,2,2,0,2,2,0,0,0,1,1,0,0,0,0,0,0,0,0,3,4,"212607"
1,2,0,0,2,1,0,0,1,0,0,0,1,2,1,0,0,0,0,0,1,0,0,0,0,0,6,3,"222100"
0,0,1,2,1,0,0,2,0,1,1,1,0,0,0,0,0,0,1,0,0,0,2,1,0,0,7,3,"070000"
0,2,0,0,0,0,0,2,0,1,0,0,0,1,1,0,0,0,0,0,0,2,0,2,0,0,3,4,"132000"
1,0,0,2,0,0,2,1,0,0,1,2,2,0,0,0,2,0,2,0,0,2,0,0,0,0,3,7,"170100"
0,0,0,0,1,0,0,0,2,1,0,0,0,2,1,0,1,0,2,0,0,0,2,1,0,0,5,4,"251500"
2,0,1,0,2,1,0,0,2,0,1,0,1,0,0,0,2,0,0,0,1,0,1,0,0,0,6,4,"171600"
0,2,1,0,0,0,0,1,0,1,0,1,0,0,0,0,0,0,0,0,0,2,2,0,0,0,4,3,"211100"
2,2,2,0,2,1,0,1,2,2,0,0,0,1,2,1,0,0,0,0,0,2,2,0,0,0,4,9,"212000"
1,2,1,2,1,0,2,0,0,2,1,0,0,0,0,1,1,1,0,2,0,2,0,0,2,2,7,6,"030000"
0,0,0,0,0,2,0,0,2,1,1,1,0,0,0,0,2,0,0,2,0,2,0,2,0,0,3,6,"170500"
1,2,0,0,0,0,0,0,0,0,0,0,0,1,0,0,0,0,0,1,2,2,2,0,0,0,3,4,"000200"
0,0,0,0,2,0,0,1,2,0,1,2,1,1,1,0,0,0,0,2,0,0,1,0,0,0,6,4,"030200"
0,0,0,0,0,1,0,0,0,0,2,0,1,0,2,0,0,0,0,0,0,2,0,0,7,6,2,3,"240000"
2,1,0,0,0,0,2,1,0,0,0,1,2,0,0,0,0,0,0,0,0,0,2,0,0,0,3,4,"271100"
2,1,0,0,2,0,1,2,1,1,1,2,2,1,0,2,1,2,0,2,1,2,0,0,1,0,8,9,"121500"
0,1,2,2,1,0,0,1,0,0,0,0,0,0,0,2,2,0,0,0,0,0,0,0,0,0,3,4,"212400"
1,1,0,0,1,0,0,0,1,0,1,2,1,1,1,0,2,0,0,2,1,0,0,0,0,0,9,3,"111227"
1,2,2,2,1,0,2,0,0,2,2,1,0,0,0,2,0,0,0,0,0,0,0,0,0,0,3,7,"111600"
0,0,0,0,0,0,1,0,1,0,0,0,0,2,0,0,0,1,0,0,2,2,1,0,0,0,4,3,"242500"
1,2,2,0,2,0,0,0,0,0,1,2,0,2,2,0,0,0,0,0,0,2,2,1,0,0,3,8,"170700"
2,0,0,1,0,0,1,0,0,2,2,0,0,0,2,0,0,0,0,0,0,2,0,0,5,4,2,5,"270000"
0,2,0,0,1,0,0,0,1,1,1,0,2,1,1,0,1,2,1,2,0,2,0,0,0,0,8,5,"030400"
0,1,0,0,2,0,2,2,2,1,1,1,0,0,0,0,0,0,0,1,2,0,2,0,3,2,5,6,"230000"
0,1,2,0,0,0,0,1,0,1,0,2,0,2,1,1,0,0,1,1,1,2,2,2,0,0,8,6,"161700"
0,0,0,0,0,0,0,0,0,1,0,0,0,0,0,2,0,0,0,1,0,2,0,0,7,7,2,2,"160000"
0,0,0,0,1,0,0,0,2,0,0,0,0,0,0,0,0,0,0,0,0,0,2,1,7,7,2,2,"030000"
0,0,2,2,0,1,2,0,0,1,2,1,2,2,0,2,2,0,2,0,1,0,1,0,0,0,5,9,"050600"
1,2,2,0,1,0,1,2,0,1,2,0,1,2,1,1,2,0,0,1,0,2,2,2,0,0,8,9,"111000"
0,0,0,0,0,1,0,0,0,0,0,0,1,2,0,1,0,0,0,1,0,2,2,0,0,0,4,3,"262500"
0,0,2,0,0,0,0,0,0,0,0,1,0,0,0,1,2,2,2,1,0,0,2,0,0,0,3,5,"152005"
0,0,0,0,0,0,1,0,0,2,1,0,1,0,0,0,2,2,0,0,0,1,0,0,0,0,4,3,"232200"
0,2,0,2,0,2,0,1,0,2,1,1,1,1,0,1,2,2,1,1,0,0,0,1,0,0,9,6,"040312"
1,2,0,2,0,0,0,2,0,1,2,0,0,1,0,0,1,0,2,2,2,1,2,0,0,0,5,8,"131200"
2,0,0,0,1,0,0,0,0,1,1,0,0,0,0,0,0,0,0,0,0,2,0,2,6,6,3,3,"270400"
1,0,0,0,2,0,0,0,2,1,2,0,1,2,1,0,0,1,0,0,0,1,0,2,3,2,6,5,"260000"
0,0,0,0,0,0,2,2,0,0,0,1,0,2,0,0,2,2,2,1,1,1,2,0,0,0,4,7,"060700"
2,2,1,0,1,2,1,0,1,0,2,1,0,2,0,1,0,0,0,0,0,2,0,0,0,0,6,6,"112117"
0,0,0,0,0,0,2,2,0,2,0,1,2,0,0,0,0,0,0,1,0,0,0,1,0,0,3,4,"152200"
1,1,1,0,0,1,0,0,2,0,0,0,1,0,0,1,1,0,0,2,0,0,2,0,0,0,7,3,"232422"
0,0,0,1,2,1,0,0,0,0,1,0,0,2,0,0,1,0,1,2,2,0,2,0,4,3,5,5,"260000"
2,0,0,2,1,0,0,0,1,1,2,0,1,0,0,0,2,1,2,1,0,2,0,0,1,1,6,6,"010000"
0,2,0,1,1,1,0,2,2,0,0,2,1,0,0,1,0,0,0,0,0,0,0,2,0,0,5,5,"262500"
1,0,2,2,0,1,0,0,0,0,1,2,1,0,1,0,2,0,1,1,1,1,0,0,0,0,9,4,"141310"
0,1,0,2,0,0,2,0,0,2,0,2,0,2,0,1,1,1,0,0,2,0,0,2,0,0,4,7,"251500"
2,1,0,0,2,0,1,0,0,2,1,2,0,0,1,1,0,0,2,2,0,2,1,1,0,0,7,7,"010227"
0,1,2,0,0,1,0,2,1,1,1,1,0,1,2,2,0,0,2,0,0,2,1,2,0,0,8,7,"121100"
2,0,0,0,0,2,0,1,0,0,1,0,0,0,0,2,0,0,2,1,0,1,0,1,0,0,5,4,"211100"
2,0,0,0,0,0,2,2,0,0,1,2,0,2,1,2,2,2,0,1,1,1,0,0,0,0,5,8,"030400"
0,1,0,0,1,0,0,0,0,1,1,1,0,2,0,0,0,2,0,1,1,0,2,0,0,0,7,3,"171613"
0,1,0,1,2,1,0,2,1,0,2,1,2,2,1,0,2,1,1,0,2,0,2,1,0,0,9,8,"161500"
0,0,1,1,0,0,0,1,0,2,0,1,0,0,0,1,0,2,0,1,2,2,1,1,0,0,8,4,"212006"
2,2,1,1,1,1,0,2,0,1,2,2,0,1,0,0,0,0,1,0,1,2,1,0,0,0,9,6,"050400"
0,1,0,0,2,1,0,1,0,2,1,0,1,2,2,2,1,2,2,1,2,1,2,1,0,0,9,9,"010200"
2,0,0,1,0,0,0,0,0,1,0,0,0,2,1,0,0,2,0,0,1,0,0,0,0,0,4,3,"071700"
0,1,0,1,1,1,0,2,2,2,1,0,0,0,0,2,0,1,0,1,0,1,2,0,0,0,8,5,"121300"
2,0,1,2,0,0,0,0,2,2,0,0,0,2,0,0,2,2,2,0,1,1,1,1,0,0,5,8,"040300"
0,2,1,2,2,2,2,0,2,0,1,1,2,1,2,1,0,0,2,1,1,0,0,0,0,0,7,9,"150500"
1,2,2,2,1,0,2,2,2,2,1,1,1,1,2,0,1,0,2,0,0,0,0,1,0,0,8,9,"251500"
0,0,1,0,0,0,0,0,0,0,0,0,0,0,2,0,0,0,0,0,2,0,1,0,7,7,2,2,"130000"
0,0,0,2,0,2,0,0,0,1,1,0,0,2,1,1,1,1,1,0,1,2,1,2,0,0,9,5,"262710"
0,0,0,0,0,0,0,0,2,1,1,1,2,0,0,0,0,1,0,1,0,2,0,2,0,0,5,4,"150500"
2,0,0,0,2,0,0,1,0,1,1,1,0,0,2,0,0,0,0,0,0,2,2,0,4,3,4,5,"040000"
0,2,1,0,0,0,0,2,0,0,0,0,0,0,0,0,1,1,0,0,0,2,0,2,0,0,3,4,"020500"
0,0,1,0,1,2,0,1,0,0,2,0,0,2,0,1,0,0,0,0,2,0,2,0,0,0,4,5,"020117"
0,1,2,1,0,1,1,0,1,2,2,2,2,1,0,2,0,0,0,2,1,0,0,0,0,0,7,7,"130300"
2,2,1,0,2,1,0,0,0,0,1,2,0,1,0,0,2,0,1,1,1,1,0,1,0,0,9,5,"150527"
1,1,2,1,1,2,2,2,1,2,2,2,0,0,0,2,0,0,0,0,0,0,0,0,1,0,5,8,"250000"
0,0,1,2,2,2,2,1,0,0,0,2,1,1,1,0,1,0,0,0,2,2,0,0,0,0,6,7,"030400"
0,0,0,2,2,2,2,1,0,0,1,0,0,1,0,1,0,0,2,0,2,0,0,0,4,3,4,6,"150000"
0,0,0,0,0,0,0,1,1,0,0,0,2,0,0,1,2,2,0,1,0,0,0,0,0,0,4,3,"212000"
0,0,1,0,0,0,0,0,0,2,0,1,0,2,1,0,0,1,1,0,0,0,1,2,0,0,6,3,"161500"
2,0,0,2,0,0,0,0,0,1,1,1,0,2,0,0,1,2,1,1,0,2,0,0,3,3,6,5,"051000"
2,0,0,1,2,0,2,1,0,1,2,1,0,0,0,2,0,0,0,2,0,2,2,1,0,0,5,8,"040300"
2,1,0,0,0,0,0,0,2,1,0,0,2,0,1,0,0,0,0,0,0,1,0,0,0,0,4,3,"060500"
0,0,1,0,1,2,0,0,0,1,0,2,1,2,2,0,1,0,1,2,2,2,2,2,1,0,6,9,"200000"
0,1,2,0,0,0,0,2,1,0,0,0,0,0,1,0,0,1,0,0,0,0,0,2,0,0,4,3,"242300"
0,0,0,0,0,0,0,0,0,0,1,0,0,0,0,0,0,0,2,1,0,2,0,0,7,7,2,2,"260000"
0,0,0,1,2,0,0,0,0,2,2,2,0,0,1,0,0,0,0,0,0,0,0,0,6,5,2,4,"130000"
1,0,0,2,0,0,0,1,2,1,0,1,1,1,0,2,2,0,0,1,0,2,0,1,0,0,8,5,"040310"
0,0,1,0,0,0,0,0,2,1,1,2,2,1,2,0,0,0,0,1,0,2,2,2,3,2,5,7,"120000"
0,0,1,2,0,0,1,1,0,1,2,0,1,1,1,0,0,0,2,2,0,2,0,1,0,0,8,5,"020100"
2,0,0,0,2,0,1,2,0,0,1,0,0,0,0,1,0,0,0,2,0,0,1,0,0,0,4,4,"172721"
0,0,0,0,2,1,0,0,0,0,1,0,2,2,0,0,2,0,0,0,1,0,0,0,0,0,3,4,"141600"
2,1,0,0,0,0,2,2,0,1,0,0,0,0,0,0,0,0,0,0,0,1,1,1,0,0,5,3,"040300"
1,0,0,0,0,0,0,0,1,0,0,0,1,1,0,2,1,2,0,1,0,0,2,1,0,0,7,3,"040324"
0,0,0,1,1,1,0,0,0,2,2,2,0,0,0,2,0,0,0,0,0,1,0,0,0,0,4,4,"121300"
1,2,0,1,1,1,1,2,1,0,2,2,0,0,0,0,0,2,0,1,0,0,0,2,0,0,7,6,"121300"
0,0,0,0,0,1,0,2,0,2,0,0,1,1,1,0,0,0,0,1,0,1,1,2,0,0,7,3,"151421"
1,1,2,0,0,0,1,0,1,0,0,0,1,1,1,2,0,1,0,0,0,0,2,0,0,0,8,3,"030400"
0,0,2,1,2,0,2,1,1,0,1,0,0,2,0,1,0,0,1,2,0,0,2,0,3,2,6,6,"250000"
0,0,1,2,0,0,0,0,1,2,1,0,0,0,0,0,0,0,2,2,1,1,2,0,0,0,5,5,"222300"
2,1,1,0,2,2,1,1,0,0,2,2,0,0,1,2,1,2,0,1,0,0,0,0,0,0,7,7,"212200"
1,0,0,0,0,0,0,0,0,1,0,0,2,0,0,2,0,0,0,0,0,1,0,2,5,4,3,3,"170000"
2,0,0,1,0,0,2,1,0,0,2,2,1,2,2,2,2,1,2,1,1,0,1,0,0,0,7,9,"212200"
2,0,0,2,0,0,0,0,0,2,2,0,1,0,0,2,2,0,2,1,0,1,2,0,0,0,3,8,"232700"
1,0,1,2,2,0,0,0,0,1,2,0,1,2,0,2,1,0,0,1,1,1,0,0,0,0,8,5,"060513"
0,2,1,1,1,1,2,2,2,1,2,0,0,1,2,0,0,1,1,2,2,0,0,0,0,0,8,8,"242300"
1,1,1,0,2,0,0,0,0,0,1,1,0,1,2,2,0,2,0,0,0,1,1,1,0,0,9,4,"000703"
0,2,0,2,1,2,2,1,0,1,2,0,0,2,1,0,2,0,2,1,2,0,1,0,1,0,6,9,"000000"
2,2,2,0,0,1,1,2,0,0,0,2,0,1,0,0,0,0,0,0,1,0,0,0,0,0,4,5,"121100"
1,2,0,0,0,2,0,0,2,1,2,0,0,0,1,0,0,0,2,1,0,1,0,0,0,0,5,5,"030400"
0,0,0,0,0,0,0,0,2,0,1,0,0,0,0,0,0,2,1,2,1,0,0,0,0,0,3,3,"141022"
0,0,0,1,2,1,0,0,0,2,2,2,0,0,0,0,0,0,0,2,0,0,0,1,5,4,3,5,"030000"
2,0,0,0,0,0,0,0,0,1,2,0,0,2,0,0,0,0,0,1,0,1,0,0,6,6,3,3,"050000"
0,0,2,1,0,0,0,2,0,0,1,0,0,0,2,0,0,1,1,0,0,1,2,0,0,0,5,4,"242500"
0,2,0,0,1,1,0,0,0,2,2,0,2,0,2,2,0,0,2,2,2,0,1,0,0,0,3,9,"051017"
0,1,0,0,1,0,0,1,0,2,0,2,2,1,2,1,1,1,2,2,2,0,0,0,0,0,7,7,"212000"
0,1,0,0,1,0,0,1,0,0,0,2,1,1,1,1,2,0,1,0,2,0,1,0,0,0,9,3,"010200"
2,1,1,0,1,0,1,1,1,1,0,0,1,2,2,0,2,1,2,0,0,2,0,0,0,0,9,6,"202700"
0,0,0,2,0,0,0,0,0,0,1,2,2,0,0,0,1,0,0,2,1,0,0,0,0,0,3,4,"251600"
0,0,0,0,1,2,0,0,0,1,1,1,1,2,1,0,0,0,1,1,2,2,0,0,0,0,8,4,"171000"
0,2,0,0,0,2,0,0,0,0,0,1,0,1,2,0,2,0,0,2,2,0,1,2,0,0,3,7,"270200"
0,2,0,2,0,1,0,0,0,1,0,0,0,2,0,0,0,0,0,2,1,0,0,0,0,0,3,4,"121100"
0,2,0,1,0,0,2,0,2,0,1,0,0,0,1,0,0,0,0,0,0,0,2,0,0,0,3,4,"031100"
1,1,1,0,2,0,2,0,0,2,1,1,0,0,1,2,1,0,2,1,0,2,2,1,0,0,9,7,"031300"
0,0,0,0,0,0,2,0,2,0,0,0,1,0,2,0,1,2,1,0,0,0,0,0,0,0,3,4,"160500"
1,0,2,0,1,1,0,1,0,0,1,0,0,2,0,2,1,2,0,2,2,0,2,0,0,0,6,7,"000113"
1,1,1,1,0,1,0,0,2,1,2,0,1,2,1,2,1,2,0,2,0,2,0,2,0,0,9,8,"011115"
2,0,1,2,2,0,0,1,0,1,1,2,2,2,0,0,0,0,0,0,0,1,2,0,0,0,5,7,"171600"
2,1,0,0,0,0,0,1,0,0,1,0,2,2,0,1,0,0,0,2,0,0,0,2,0,0,4,5,"172700"
2,1,0,0,1,0,1,1,1,1,2,0,0,0,0,2,1,2,0,0,0,2,0,0,2,2,7,5,"050000"
0,0,0,2,1,0,2,1,0,0,1,1,0,1,2,0,2,0,2,1,2,1,0,2,0,0,7,7,"060703"
2,2,1,0,1,0,0,0,0,2,1,0,0,0,1,2,1,0,2,1,0,2,1,1,0,0,8,6,"031300"
2,0,0,0,2,1,0,0,0,2,0,0,1,2,1,0,0,0,0,0,1,2,0,0,1,1,4,5,"160000"
2,2,0,2,1,2,1,0,0,1,1,1,0,0,0,0,0,0,0,0,0,0,0,2,3,3,5,5,"260100"
1,0,2,0,0,2,0,0,0,0,0,0,0,0,0,1,0,0,2,2,0,1,1,0,0,0,4,4,"060700"
2,0,0,1,2,2,0,0,0,1,1,2,0,2,0,1,0,0,1,0,0,2,0,0,1,1,5,6,"020000"
1,2,1,0,0,2,0,0,2,2,0,0,1,2,2,0,0,0,0,2,2,1,2,0,0,0,4,9,"232400"
1,1,0,2,0,2,2,2,2,0,1,0,0,1,0,0,0,2,0,0,0,0,0,0,0,0,4,6,"011100"
2,0,0,0,1,2,2,0,2,2,0,2,2,0,1,0,2,1,0,0,1,0,2,0,0,0,4,9,"112100"
0,2,1,0,0,0,0,2,1,1,1,1,2,0,0,0,0,2,0,0,0,2,0,0,0,0,5,5,"171000"
2,2,0,1,0,0,0,0,2,0,1,0,2,0,0,2,0,0,1,0,0,0,0,0,3,3,3,5,"150000"
0,0,0,0,0,1,1,2,0,1,2,0,0,0,0,2,0,0,0,0,0,0,2,0,0,0,3,4,"120600"
0,0,0,1,0,0,2,1,0,0,0,0,0,0,0,2,0,0,0,1,2,0,0,0,0,0,3,3,"102700"
1,0,0,0,0,0,0,2,0,0,0,0,0,0,0,0,0,0,0,0,0,2,0,0,8,7,1,2,"230000"
0,2,0,0,0,0,0,0,2,0,0,0,0,1,0,1,0,0,0,0,0,0,0,0,7,7,2,2,"140000"
0,0,0,0,0,2,0,0,2,2,0,0,2,0,0,0,2,1,2,1,2,1,0,0,0,0,3,7,"061300"
0,2,0,0,1,0,0,2,1,2,2,2,1,0,1,0,0,0,0,2,1,0,2,0,1,1,5,7,"131500"
0,2,0,0,1,2,2,1,0,0,2,0,0,1,2,1,2,2,0,1,2,0,0,0,0,0,5,8,"262700"
2,1,2,0,1,0,0,2,1,0,0,0,0,0,0,0,0,0,0,0,0,0,0,2,0,0,3,4,"221200"
0,2,0,1,1,0,0,2,0,2,2,1,2,0,0,1,0,0,1,2,0,2,1,0,0,0,6,7,"272000"
1,0,0,0,2,0,0,2,2,1,0,2,0,1,0,2,1,0,0,1,2,1,0,0,0,0,6,6,"060527"
0,0,2,0,1,0,0,1,0,1,1,1,1,0,2,2,0,0,2,0,0,0,2,2,0,0,6,6,"232200"
2,0,0,0,0,0,0,0,0,1,1,1,0,0,1,2,2,0,0,1,0,2,2,0,4,3,5,5,"240000"
2,0,1,0,2,0,0,0,0,0,0,0,0,2,2,0,2,0,0,2,1,0,1,2,0,0,3,7,"141200"
0,1,1,2,2,1,0,2,2,2,1,0,0,2,0,2,2,0,1,1,1,0,1,1,0,0,9,8,"050600"
0,0,0,1,1,1,2,2,2,1,0,2,0,0,0,1,0,0,2,2,0,0,1,0,0,0,6,6,"121300"
2,0,0,1,0,1,0,0,0,1,2,0,0,2,1,1,1,1,2,0,2,2,2,0,2,1,7,7,"150000"
2,0,2,1,0,0,0,0,0,0,1,0,0,0,0,0,0,0,2,0,0,1,0,0,0,0,3,3,"170100"
0,0,0,0,0,0,1,1,2,0,0,0,0,2,0,0,0,0,0,0,0,0,2,1,0,0,3,3,"200100"
0,2,0,2,1,0,0,0,0,0,1,0,0,0,0,0,0,0,2,1,1,0,0,0,0,0,4,3,"111200"
2,1,0,0,0,0,0,2,0,1,1,1,0,0,0,2,0,0,0,0,0,0,0,0,5,4,4,3,"110000"
2,1,0,0,2,0,1,2,0,2,0,0,0,0,0,2,1,0,2,1,1,2,2,1,2,1,6,8,"170000"
0,1,0,0,2,2,0,0,0,0,1,0,0,1,2,2,0,0,0,0,0,1,1,1,0,0,6,4,"051500"
0,0,0,0,1,0,1,0,0,0,1,2,0,2,0,0,1,2,1,0,1,2,1,0,0,0,7,4,"111027"
1,0,0,0,1,0,1,1,0,2,1,2,1,0,0,2,1,0,2,1,0,1,0,2,0,0,9,5,"000104"
1,1,1,0,0,0,0,0,0,1,2,0,0,0,0,2,2,0,0,2,0,1,1,0,3,3,6,4,"240000"
0,0,0,2,0,1,0,0,2,1,0,1,1,1,2,0,1,0,2,0,1,0,0,2,0,0,7,5,"141500"
0,0,2,2,1,0,0,0,2,1,0,2,1,2,2,0,1,0,2,1,1,0,2,1,0,0,7,8,"071700"
0,0,0,0,2,0,0,1,0,2,0,2,0,0,0,0,0,0,0,0,0,1,1,1,0,0,4,3,"040300"
0,0,0,2,1,0,0,0,0,2,2,0,1,0,0,2,2,2,2,0,0,1,1,0,0,0,4,7,"232200"
0,1,0,0,1,2,0,0,0,0,0,0,0,0,0,0,0,0,0,1,2,1,2,0,0,0,4,3,"010200"
0,0,0,0,0,1,2,0,0,0,0,0,0,0,1,0,0,0,2,0,2,0,0,0,7,6,2,3,"150000"
1,2,0,0,1,2,2,1,2,0,2,1,2,1,2,1,2,2,0,1,0,1,0,1,0,0,9,9,"060700"
0,0,0,0,0,1,0,0,0,1,2,0,1,1,1,2,0,0,2,1,0,0,2,0,0,0,6,4,"070000"
1,0,2,0,2,0,2,1,0,2,0,1,1,1,1,1,1,1,0,0,0,0,2,0,0,0,9,5,"232200"
1,1,2,0,2,0,0,2,2,0,0,2,2,1,2,0,1,1,0,1,0,0,1,1,0,0,8,7,"252600"
0,1,0,0,0,0,0,1,2,0,2,0,0,0,0,1,0,0,2,1,0,0,0,0,0,0,4,3,"011100"
0,0,0,0,1,0,0,2,0,1,1,1,1,0,0,1,2,2,0,1,0,2,2,1,0,0,8,5,"171600"
0,2,0,0,0,0,0,1,0,2,2,2,1,1,0,0,0,1,0,2,0,0,0,1,0,0,5,5,"212215"
0,0,2,1,0,0,0,1,0,1,0,1,2,2,1,0,0,0,0,1,0,0,0,2,0,0,6,4,"211100"
1,2,0,0,0,0,0,2,0,2,0,0,0,2,0,2,1,0,0,2,0,2,1,0,0,0,3,7,"051200"
0,1,0,2,2,0,2,2,0,1,2,0,1,1,1,0,1,0,2,0,0,0,0,0,2,2,6,6,"220000"
0,0,0,1,0,0,2,1,0,2,2,2,0,0,0,2,0,1,1,0,2,0,0,0,2,2,4,6,"110000"
1,0,0,0,1,0,0,1,0,2,1,1,0,0,0,0,2,2,1,2,0,0,1,0,0,0,7,4,"000124"
0,0,1,1,2,0,0,0,2,0,0,1,1,1,0,1,0,0,2,2,0,0,1,0,0,0,7,4,"262500"
1,0,1,1,1,0,0,0,2,0,0,0,0,1,2,0,0,2,1,0,2,0,0,2,0,0,6,5,"161700"
0,0,0,1,1,1,0,0,2,0,0,1,2,0,0,0,0,2,0,0,0,0,0,0,0,0,4,3,"121300"
2,2,0,0,1,2,2,0,0,0,1,0,1,1,1,0,1,0,2,1,0,1,0,1,0,0,9,5,"040500"
0,1,2,0,0,0,2,1,2,0,0,0,0,0,1,2,0,0,0,0,0,0,0,0,0,0,3,4,"031126"
0,0,2,0,1,1,2,0,0,0,0,0,0,0,0,0,0,0,2,0,1,0,2,0,0,0,3,4,"141005"
2,1,0,0,2,0,0,0,0,0,2,0,2,0,0,0,1,0,0,1,0,1,1,1,3,3,6,4,"030000"
0,2,1,0,0,2,0,1,2,2,2,2,2,0,0,0,2,2,0,0,0,0,1,1,0,0,4,9,"040300"
1,2,0,0,1,0,0,1,0,0,2,1,0,0,0,2,0,0,0,0,0,0,0,0,0,0,4,3,"111000"
0,2,0,0,0,0,0,0,0,0,1,0,0,2,0,0,1,0,0,2,1,0,0,1,0,0,4,3,"040300"
1,0,0,2,2,0,1,1,1,0,1,2,2,1,0,1,2,1,0,2,0,1,0,0,0,0,9,6,"060500"
2,1,2,1,1,1,0,1,0,1,2,0,0,0,0,2,0,0,1,1,1,0,2,0,0,0,9,5,"121300"
0,0,0,0,1,0,1,2,1,0,0,1,0,0,0,1,2,1,2,1,0,0,0,0,0,0,7,3,"271700"
0,1,0,1,0,2,1,1,1,1,1,0,0,2,0,1,0,2,1,0,0,0,0,0,0,0,9,3,"172712"
0,0,0,2,1,0,1,2,0,1,1,0,0,1,1,0,0,0,0,1,2,2,2,2,0,0,7,6,"202721"
0,2,0,0,1,0,1,1,1,0,0,0,1,1,0,1,1,0,1,0,2,0,0,2,0,0,9,3,"232401"
0,0,0,0,1,0,0,2,0,2,2,1,0,2,1,0,0,0,0,2,0,1,1,1,3,3,6,5,"021300"
2,2,1,2,1,0,1,0,0,1,1,0,0,0,0,2,1,0,1,0,0,2,1,0,0,0,8,5,"202710"
2,1,0,1,0,0,0,1,0,2,2,2,0,1,0,0,0,0,1,2,2,0,0,0,0,0,5,6,"211100"
0,2,1,2,1,0,1,2,1,0,1,2,0,0,2,2,1,0,0,0,1,0,1,1,0,0,9,6,"141503"
0,0,0,0,2,1,1,0,2,1,1,1,0,2,1,2,2,1,2,1,0,2,1,2,0,0,9,8,"202100"
1,0,1,0,1,1,0,0,0,2,0,2,0,2,1,0,0,0,2,2,0,0,0,0,0,0,5,5,"110116"
0,2,1,0,0,0,0,1,0,1,0,2,0,0,2,1,0,0,0,0,0,0,0,0,0,0,4,3,"262500"
1,2,1,0,1,0,0,0,2,1,0,0,0,2,1,0,0,0,1,2,0,2,1,0,0,0,7,5,"111000"
0,0,1,1,1,0,0,2,2,2,2,1,2,1,1,0,2,1,2,0,2,0,0,1,0,0,8,8,"131214"
0,2,0,2,2,1,0,0,0,0,1,2,2,1,0,0,0,2,2,0,0,0,2,0,0,0,3,8,"171410"
2,1,0,0,0,2,1,0,0,2,1,2,1,0,1,0,1,2,0,2,1,2,1,0,0,0,8,7,"141315"
2,1,0,0,0,1,0,0,0,2,1,0,0,1,0,0,0,0,2,1,0,2,1,2,0,0,6,5,"132300"
2,0,2,2,0,0,0,0,2,1,2,0,0,2,0,0,2,0,1,2,0,2,1,0,0,0,3,9,"160100"
1,0,0,1,0,0,2,0,0,0,0,2,0,0,0,2,1,1,0,0,0,1,0,0,0,0,5,3,"101700"
0,1,0,1,1,0,0,0,2,1,1,1,0,1,2,0,2,0,1,2,0,0,1,0,0,0,9,4,"272000"
1,0,0,1,0,1,0,1,1,0,0,1,0,2,1,2,2,0,2,0,0,0,0,1,0,0,8,4,"272025"
2,2,0,1,2,0,0,0,0,1,0,1,0,2,0,0,0,0,0,0,0,2,0,0,0,0,3,5,"101713"
1,2,2,0,2,0,2,0,0,2,0,1,0,0,0,2,2,1,0,0,0,0,0,0,0,0,3,7,"272100"
1,0,0,1,1,0,0,0,2,1,2,1,1,0,0,0,2,1,0,1,0,1,0,0,0,0,9,3,"000100"
0,1,0,0,0,0,0,0,0,0,0,0,0,0,2,0,1,2,2,0,0,0,2,1,6,5,3,4,"000000"
2,1,1,0,0,0,1,0,2,1,2,0,2,1,2,2,1,1,0,0,0,2,2,2,1,0,7,9,"110000"
0,2,0,0,1,0,0,0,0,2,0,1,0,0,0,0,0,0,2,2,0,1,1,1,0,0,5,4,"040300"
0,0,1,0,0,0,0,0,0,2,1,1,0,0,0,2,1,1,0,0,0,1,2,1,0,0,7,3,"020300"
0,0,0,0,0,0,0,1,0,0,0,0,0,2,0,2,1,0,0,2,0,0,2,1,0,0,3,4,"040600"
0,0,0,0,0,0,0,1,0,0,0,1,0,0,0,2,1,0,2,0,1,2,0,0,0,0,4,3,"272000"
1,0,1,0,0,0,0,0,0,2,1,0,0,0,2,0,0,0,0,1,1,1,2,1,0,0,7,3,"171607"
1,0,0,2,0,0,0,2,0,1,2,0,0,0,1,0,0,0,0,2,0,0,0,0,0,0,3,4,"071600"
0,1,0,1,0,1,2,1,1,2,2,2,1,0,1,0,0,1,0,0,2,0,0,0,0,0,8,5,"211120"
0,0,2,0,0,0,2,0,0,0,0,0,1,1,1,2,0,0,0,0,2,0,0,0,0,0,3,4,"232700"
2,1,1,2,1,0,0,1,1,0,1,0,1,0,0,2,0,1,0,2,0,0,0,0,0,0,8,4,"231300"
2,0,1,0,2,2,1,1,1,2,1,2,0,1,0,0,2,0,0,1,0,2,2,1,0,0,8,8,"020100"
1,0,1,2,0,1,1,1,0,2,2,2,0,0,0,2,1,1,2,0,0,0,0,0,1,0,7,6,"110000"
1,0,0,0,0,0,0,0,0,0,0,2,0,0,2,0,1,0,0,2,0,1,0,1,0,0,4,3,"060500"
0,2,0,2,1,0,2,0,0,0,0,0,0,0,0,2,1,0,0,2,0,0,1,2,0,0,3,6,"051200"
1,0,1,0,1,2,0,2,0,0,2,0,0,0,0,1,2,2,0,2,0,0,2,0,0,0,4,7,"110117"
0,2,1,1,2,0,1,0,2,0,2,0,0,2,2,0,2,0,2,1,0,2,1,1,0,0,6,9,"151400"
1,0,0,0,2,0,0,2,0,0,0,1,0,1,2,0,0,0,0,2,0,1,1,1,0,0,6,4,"271700"
0,0,0,0,2,0,0,2,2,0,1,1,0,2,0,0,2,1,2,1,1,0,0,0,4,3,5,6,"072100"
0,2,2,0,2,0,2,0,1,2,0,2,1,0,0,2,0,1,1,0,1,0,1,2,0,0,6,8,"222100"
0,2,1,0,0,1,0,0,0,0,2,0,2,2,1,0,1,0,0,1,1,0,0,1,0,0,7,4,"040513"
1,0,0,0,0,2,0,0,2,1,0,0,2,2,0,1,2,2,0,0,2,1,0,1,2,1,5,7,"030000"
0,2,2,2,0,2,0,0,0,2,0,1,2,0,0,0,0,0,1,0,1,0,0,0,0,0,3,6,"271501"
1,1,1,2,2,2,0,2,0,0,0,2,1,0,2,0,1,0,0,0,2,1,0,0,0,0,6,7,"231300"
1,2,1,2,2,0,1,0,0,2,2,1,0,0,1,1,0,0,1,2,0,2,0,1,1,0,8,7,"210000"
0,0,0,0,0,0,0,0,0,2,1,0,1,2,1,2,2,0,0,1,1,0,0,0,0,0,5,4,"030200"
2,2,2,0,0,0,0,0,0,2,1,1,0,0,0,0,0,0,0,0,0,0,0,0,6,5,2,4,"060000"
0,1,1,0,1,0,1,0,0,0,2,1,0,1,2,0,1,1,0,2,0,2,0,1,0,0,9,4,"272603"
1,1,1,2,1,0,1,1,2,0,0,1,0,0,0,2,0,0,0,0,2,0,0,2,2,2,7,5,"070000"
1,2,1,0,1,0,1,2,1,2,1,0,0,0,0,0,0,0,0,0,0,0,0,0,0,0,6,3,"202700"
0,1,0,0,2,0,0,1,0,1,1,0,2,1,0,1,2,1,0,2,0,1,0,0,0,0,8,4,"212200"
2,0,0,1,0,0,0,0,0,2,0,0,1,0,0,0,1,0,0,0,0,2,2,0,5,4,3,4,"040000"
1,0,0,2,0,0,2,0,0,1,1,1,1,2,0,0,2,0,2,0,1,1,0,0,0,0,7,5,"060500"
2,0,1,1,1,1,2,0,0,2,2,1,2,2,1,1,0,0,0,2,1,2,0,0,0,0,8,8,"110100"
2,1,1,1,1,1,0,0,0,2,0,0,0,0,0,0,0,0,2,2,1,0,0,2,3,3,6,5,"130000"
2,0,0,0,1,0,0,0,2,0,0,0,0,0,0,0,0,0,0,0,0,0,1,0,7,7,2,2,"030000"
0,0,0,0,0,0,2,1,2,0,0,2,0,0,1,1,0,0,0,0,0,1,0,0,0,0,4,3,"060700"
2,0,2,2,1,0,0,0,0,1,0,2,0,0,0,0,0,0,1,2,1,0,0,0,0,0,4,5,"161700"
2,2,0,1,2,0,0,2,0,2,0,0,0,1,0,1,2,0,0,2,0,2,0,0,0,0,3,8,"260500"
0,2,2,1,0,0,0,0,0,2,1,0,2,1,0,0,0,0,1,1,0,0,0,2,0,0,5,5,"131402"
1,2,1,0,0,0,0,2,0,2,0,0,0,0,1,0,0,0,0,0,0,0,0,1,5,5,4,3,"110000"
0,0,0,1,0,2,0,0,0,0,0,0,0,0,0,0,0,0,2,0,1,0,0,0,7,7,2,2,"050000"
0,2,0,1,1,1,0,1,0,1,2,2,0,1,0,0,2,0,2,2,1,2,1,1,0,0,9,7,"132300"
0,0,2,0,1,0,0,2,0,0,1,0,0,0,2,0,0,2,1,0,0,0,0,2,0,0,3,5,"161200"
1,2,0,1,1,1,2,2,0,1,2,2,0,0,0,0,0,0,2,0,1,1,2,0,0,0,7,7,"121300"
0,2,1,0,1,2,0,2,0,0,2,1,0,0,0,2,2,2,0,0,2,0,0,1,0,0,4,8,"020300"
0,0,1,2,1,0,0,2,0,0,0,0,0,2,0,0,2,1,0,0,0,0,0,0,0,0,3,4,"240000"
2,2,0,1,1,1,1,0,2,2,2,2,0,2,1,1,2,0,0,0,1,1,2,1,0,0,9,9,"141500"
0,1,0,1,0,2,2,0,0,2,1,2,0,0,1,2,2,1,0,1,0,0,0,0,0,0,6,6,"031300"
2,2,0,0,2,0,1,1,1,2,0,1,1,0,0,1,0,1,0,1,0,0,1,0,0,0,9,4,"231300"
1,1,1,2,0,0,0,0,0,1,2,0,2,0,0,0,2,2,2,0,0,1,0,0,0,0,5,6,"011100"
1,1,0,2,0,0,0,2,2,0,0,1,1,1,1,0,0,0,1,0,0,2,2,0,0,0,7,5,"161700"
1,2,0,0,2,0,1,2,0,1,0,0,0,2,0,1,1,2,2,2,0,1,0,0,2,1,6,7,"271500"
0,0,0,0,0,1,0,1,2,2,1,0,2,0,0,0,2,0,0,0,0,0,0,0,0,0,3,4,"212400"
0,0,0,2,2,2,0,0,0,1,1,2,0,2,0,0,0,0,0,0,1,0,0,2,2,1,3,6,"000000"
2,0,0,2,1,1,2,0,0,2,0,1,0,2,0,1,0,0,0,1,0,2,0,0,3,3,5,6,"250000"
0,0,0,1,0,0,2,0,0,0,2,1,0,1,0,1,0,1,1,1,2,0,0,0,0,0,7,3,"152517"
1,0,0,0,0,2,0,0,1,2,1,2,0,0,0,1,0,0,0,0,0,2,0,0,5,5,4,4,"240000"
2,1,0,0,2,0,0,1,0,0,1,0,0,0,0,1,0,0,0,0,0,2,0,0,0,0,4,3,"172700"
1,0,0,2,2,0,0,0,0,1,2,0,1,0,0,0,0,2,0,0,0,1,0,2,3,2,4,5,"120000"
0,1,0,2,0,2,1,0,2,0,1,1,1,0,0,0,0,1,2,0,0,0,0,0,0,0,6,4,"011100"
0,0,0,0,0,0,0,1,2,1,1,1,2,0,1,2,2,2,0,1,2,2,0,0,1,0,6,7,"130000"
0,0,1,0,1,0,0,0,0,0,0,2,2,1,1,1,0,1,0,1,2,2,1,2,0,0,8,5,"262504"
0,2,1,1,1,0,2,0,1,1,2,2,0,1,2,0,1,2,1,2,0,0,0,1,0,0,9,7,"131217"
0,0,0,0,0,0,1,0,0,0,2,1,1,1,0,1,2,0,0,1,2,2,0,0,0,0,6,4,"232400"
1,0,0,2,0,2,1,0,0,0,2,0,0,0,0,0,0,0,2,0,0,0,0,0,6,5,2,4,"110000"
0,0,0,2,1,0,1,0,0,0,2,1,0,0,1,1,0,0,2,0,0,2,0,0,0,0,5,4,"202100"
1,0,0,0,2,0,0,1,0,0,2,0,0,2,2,0,0,0,0,0,0,0,0,1,0,0,3,4,"041000"
0,2,0,0,1,0,0,0,2,0,2,1,0,0,0,2,0,0,0,0,0,0,1,0,0,0,3,4,"050000"
0,1,2,0,0,0,0,1,2,1,1,1,2,1,0,0,2,1,0,2,1,2,1,2,0,0,9,7,"171000"
1,2,2,0,2,2,0,0,2,1,1,1,0,0,1,0,1,0,0,1,1,1,0,0,0,0,9,5,"171611"
0,0,2,0,2,0,0,0,0,0,2,1,2,2,2,0,0,1,0,0,0,2,2,1,0,0,3,8,"241200"
2,1,2,0,1,1,2,0,1,0,2,1,2,1,1,2,0,1,1,0,0,2,0,2,0,0,9,8,"222117"
2,0,1,0,2,1,2,1,0,0,0,1,1,2,1,2,2,2,2,1,0,0,1,0,0,0,8,8,"050413"
0,2,1,0,0,2,1,1,2,1,2,1,0,1,2,0,1,0,0,2,1,2,0,2,0,0,8,8,"252606"
0,2,0,0,0,1,0,0,0,2,0,0,1,0,1,1,1,0,0,2,0,0,0,1,0,0,6,3,"121315"
2,2,1,1,1,2,2,0,0,0,1,0,0,0,1,0,2,0,1,1,2,2,0,1,0,0,8,7,"170700"
1,2,2,0,0,1,0,0,0,0,2,1,2,1,0,0,1,2,0,0,1,0,0,1,0,0,7,5,"000700"
2,2,0,2,1,0,0,1,1,1,1,2,0,0,0,1,2,0,1,2,0,1,0,0,0,0,8,6,"212000"
2,0,2,2,2,0,0,0,0,2,2,0,0,0,2,0,0,0,1,2,0,1,2,1,0,0,3,9,"062500"
0,0,2,0,0,1,0,0,0,0,2,2,0,0,0,1,1,2,0,2,0,0,0,1,0,0,4,5,"040500"
2,1,1,0,0,0,2,0,0,2,0,1,0,0,0,2,2,0,0,0,1,2,0,1,3,2,5,6,"120000"
1,2,1,2,1,0,0,0,0,1,2,0,2,2,0,1,0,0,2,1,1,1,2,0,0,0,8,7,"262500"
0,1,1,0,0,0,1,2,1,0,0,0,2,0,0,0,0,0,0,0,0,2,0,0,0,0,4,3,"011100"
0,2,0,1,1,1,0,1,0,0,2,0,0,2,2,0,0,0,0,2,0,0,1,0,4,3,5,5,"230000"
0,2,0,2,1,0,0,0,0,0,1,2,0,2,1,0,2,0,1,1,0,0,2,2,0,0,5,7,"170700"
0,1,2,1,0,2,1,2,2,1,2,2,2,1,1,2,1,1,0,1,2,0,0,0,0,0,9,9,"101100"
0,0,0,0,0,0,2,1,0,1,1,2,0,0,1,0,1,0,2,1,0,1,2,2,0,0,7,5,"252600"
0,0,0,0,0,0,0,1,1,1,1,1,2,1,2,0,0,1,1,0,2,0,1,0,0,0,9,3,"272014"
0,1,2,2,2,1,1,1,1,0,1,2,1,2,0,0,2,1,2,2,1,0,0,2,0,0,9,9,"010000"
0,0,0,2,0,0,0,0,1,0,2,0,1,1,2,0,0,1,2,2,0,0,2,1,1,0,5,6,"250000"
0,0,0,2,1,2,0,0,0,2,2,2,2,1,1,1,0,1,1,2,0,0,2,0,2,1,6,8,"252300"
0,0,0,0,0,0,2,0,2,0,0,1,0,0,0,0,0,2,0,1,1,0,0,2,0,0,3,4,"150300"
0,0,0,0,0,1,1,0,1,1,1,1,2,1,0,2,2,1,0,2,1,0,0,0,0,0,9,4,"121100"
0,0,2,0,1,1,0,0,0,0,1,0,0,2,0,0,0,0,0,2,0,0,2,0,0,0,3,4,"120300"
1,2,0,2,1,0,2,0,1,2,2,1,0,1,0,1,2,0,2,0,0,0,0,2,0,0,6,8,"132300"
1,2,0,2,1,0,1,1,2,0,2,2,1,2,0,1,1,2,1,1,2,0,2,0,0,0,9,9,"000700"
2,0,0,1,2,0,1,2,1,1,1,2,1,0,0,2,1,0,1,2,2,2,1,0,0,0,9,8,"252411"
0,0,0,2,0,2,0,0,2,0,0,0,1,1,1,0,1,2,0,0,0,1,0,1,0,0,6,4,"040500"
0,0,0,0,0,1,0,2,2,0,0,0,0,1,0,0,0,2,1,0,1,2,0,0,5,4,4,4,"152100"
2,1,1,0,1,0,0,2,0,0,2,0,0,2,1,0,1,0,0,0,2,0,0,1,3,3,6,5,"120000"
1,0,0,0,1,0,0,0,0,0,1,2,0,0,0,0,0,0,1,2,0,2,0,2,0,0,4,4,"111027"
0,1,0,0,1,2,2,0,0,2,0,1,1,1,0,2,2,2,0,0,0,0,2,1,0,0,6,7,"010200"
0,1,0,2,1,0,0,2,0,1,2,2,0,2,0,1,0,0,2,1,2,0,0,0,2,2,5,7,"000000"
2,2,1,2,0,2,0,2,0,0,1,0,0,1,0,1,2,0,0,2,0,0,2,1,0,0,5,8,"130321"
0,1,0,2,1,0,0,1,2,0,2,2,0,1,2,0,0,1,1,0,2,2,0,2,0,0,6,8,"010000"
0,0,0,0,0,1,2,0,2,0,0,0,0,0,1,0,1,0,0,2,1,0,1,0,0,0,5,3,"031320"
0,2,2,0,2,0,0,2,1,0,0,0,1,2,0,2,0,1,0,0,2,0,0,0,0,0,3,7,"241200"
0,1,0,0,0,0,0,0,0,2,0,0,0,1,2,0,0,0,0,0,0,2,1,1,0,0,4,3,"010200"
1,1,1,0,0,0,0,0,0,2,1,0,0,2,1,2,2,1,0,2,0,1,1,1,0,0,9,5,"011100"
0,0,0,0,0,0,0,0,0,0,0,2,0,1,0,0,2,0,2,1,2,0,1,0,0,0,3,4,"051700"
0,0,0,0,0,0,0,0,0,1,0,0,0,0,0,1,0,0,2,1,0,2,2,0,6,6,3,3,"040000"
1,0,0,0,0,0,0,0,1,1,1,2,2,1,0,1,0,1,0,0,0,1,2,0,0,0,8,3,"000100"
2,1,0,2,0,0,0,0,2,2,1,0,0,2,0,0,0,0,1,0,0,2,0,0,4,3,3,6,"110000"
2,1,0,0,1,0,1,0,1,2,1,1,0,1,0,2,0,0,0,0,2,2,1,0,0,0,8,5,"202126"
2,2,0,0,1,0,1,0,0,1,1,2,0,0,0,0,0,0,0,0,0,0,0,0,0,0,4,3,"171600"
2,0,1,0,0,0,0,0,1,0,2,0,1,1,0,2,0,1,0,0,0,1,2,2,3,3,6,5,"210000"
0,0,0,2,2,1,2,0,1,0,2,0,2,1,2,0,2,0,0,2,1,2,0,0,0,0,4,9,"222100"
0,0,0,0,1,2,0,2,0,1,0,0,1,1,0,0,1,0,0,2,0,2,0,1,0,0,6,4,"232200"
0,0,0,1,1,1,0,2,2,0,0,2,1,0,1,0,0,2,0,0,1,0,0,0,0,0,6,4,"121321"
0,0,0,2,2,1,0,2,1,1,2,0,1,2,0,0,2,1,2,0,0,0,1,1,1,1,7,7,"062100"
0,0,0,0,1,0,0,2,2,0,1,0,0,0,0,0,1,0,0,2,0,0,0,1,0,0,4,3,"171600"
2,0,0,2,0,0,2,1,0,1,2,0,1,0,0,1,2,0,2,0,1,1,0,0,2,1,6,6,"240000"
1,2,0,1,2,1,0,1,2,0,1,0,1,2,2,0,0,0,1,1,1,0,0,0,0,0,9,5,"150500"
0,1,0,0,1,2,0,1,0,0,0,0,0,2,0,0,0,0,0,0,2,0,1,0,0,0,4,3,"051500"
0,2,0,1,2,1,0,1,2,2,2,2,2,1,1,0,0,1,0,0,1,2,0,0,0,0,7,8,"141500"
0,1,1,0,2,1,0,0,1,0,0,0,0,1,2,0,0,0,2,0,0,0,0,1,0,0,6,3,"222100"
2,0,2,1,0,0,0,2,0,0,0,2,0,1,1,0,0,0,0,1,1,2,0,0,4,4,5,5,"120000"
2,0,0,0,0,0,0,1,1,2,0,1,0,0,0,1,2,0,0,2,0,0,2,0,0,0,4,5,"272007"
0,0,0,0,0,1,1,2,1,2,0,0,2,0,0,0,0,2,0,0,2,0,2,2,0,0,3,7,"120600"
0,1,0,0,1,0,1,0,0,1,2,0,1,2,2,0,1,2,0,0,0,0,0,1,0,0,7,4,"040500"
2,2,0,0,1,0,0,0,1,0,0,0,1,2,1,0,0,1,0,2,2,1,0,2,3,2,6,6,"200000"
0,0,1,0,0,2,1,2,2,0,0,0,0,0,1,0,0,0,0,0,0,0,2,0,0,0,3,4,"200421"
0,2,0,1,1,0,1,2,1,2,2,2,2,1,0,0,0,1,2,1,0,0,0,0,0,0,7,7,"131221"
2,1,0,0,1,0,0,2,0,1,1,0,0,1,2,0,0,0,0,1,2,0,0,0,0,0,6,4,"151600"
2,1,0,0,2,0,2,2,0,0,1,1,0,0,0,0,0,0,0,0,0,0,0,0,0,0,3,4,"172200"
1,1,1,0,0,0,0,2,1,0,1,1,2,2,0,2,2,1,2,1,0,0,1,2,0,0,9,7,"000704"
0,0,0,0,2,0,0,1,0,0,1,0,1,1,0,0,2,1,0,2,0,2,1,0,0,0,6,4,"232200"
0,2,2,0,1,0,0,0,0,2,0,2,0,1,1,1,1,2,0,2,0,0,1,0,0,0,6,6,"111000"
0,0,1,0,0,2,1,2,2,0,1,2,1,2,0,0,2,1,0,2,0,1,1,1,0,0,8,7,"040300"
2,0,0,0,0,1,0,0,2,2,2,2,1,2,0,0,1,2,0,1,0,0,1,0,2,2,5,7,"060000"
0,0,0,0,0,0,0,0,0,0,2,2,1,0,1,0,2,0,0,2,0,0,2,1,0,0,3,5,"230227"
0,0,0,1,2,1,0,2,0,2,2,2,0,0,0,0,1,0,2,2,2,1,1,1,0,0,6,8,"040300"
2,1,2,2,0,1,0,1,0,2,2,0,1,0,1,2,0,0,2,0,0,2,0,0,0,0,5,8,"121126"
0,0,0,1,1,2,2,0,0,0,0,0,0,0,0,2,1,0,1,1,0,2,1,1,0,0,7,4,"151400"
1,0,0,0,1,0,0,1,0,0,0,0,0,2,0,2,0,2,1,2,0,0,2,0,0,0,4,5,"000113"
1,2,0,0,0,0,2,1,2,1,2,1,0,2,0,1,0,1,1,0,0,1,0,0,1,1,8,5,"251700"
0,0,0,1,2,2,2,0,2,0,0,2,2,0,0,0,2,1,1,2,2,0,0,0,0,0,3,9,"241720"
0,0,0,2,0,0,0,0,0,2,2,0,1,0,1,2,2,2,2,1,0,2,1,2,1,0,4,9,"130700"
1,2,0,0,0,1,2,2,0,2,2,0,2,0,1,0,0,0,0,2,0,2,0,0,0,0,3,8,"031100"
0,0,0,0,0,0,0,1,0,1,1,1,0,2,1,0,0,2,0,1,0,2,0,2,0,0,6,4,"211100"
0,2,0,2,1,0,0,0,0,1,2,1,0,1,1,0,0,0,2,1,0,0,2,0,0,0,6,5,"030400"
0,2,0,2,1,2,0,0,0,1,2,0,0,1,0,2,1,0,2,2,1,0,1,0,2,2,6,7,"230000"
2,2,0,0,1,0,0,0,2,2,2,2,0,0,2,0,1,0,1,0,0,2,0,0,0,0,3,8,"160200"
0,0,0,2,0,0,0,0,0,1,2,1,0,0,1,0,0,0,2,0,0,2,0,0,1,0,3,4,"010000"
2,2,2,0,1,0,0,0,0,1,1,1,0,0,1,2,1,0,0,2,0,2,2,2,1,0,6,8,"140000"
0,0,0,2,1,0,0,2,0,0,2,0,0,0,0,1,1,2,2,1,0,2,0,0,4,3,4,6,"052400"
1,1,1,1,0,1,0,1,0,0,1,0,0,1,2,2,0,2,0,0,1,2,0,0,0,0,9,4,"121126"
2,0,2,1,1,0,0,0,0,1,1,0,0,2,1,0,2,0,0,0,1,2,0,1,0,0,7,5,"040500"
0,2,0,0,0,0,2,0,0,0,0,0,0,0,0,1,1,2,0,0,0,2,1,1,5,5,4,4,"152400"
0,0,2,0,0,0,0,0,0,1,1,1,1,0,0,0,2,0,2,1,0,2,2,1,3,3,6,5,"130000"
2,0,2,2,0,0,0,0,0,0,2,0,0,1,0,0,1,0,1,1,0,2,1,1,3,3,6,5,"140000"
1,0,2,1,0,0,0,0,0,1,0,1,0,0,2,0,0,0,0,0,1,1,0,2,0,0,6,3,"101702"
0,0,2,0,1,0,0,0,0,1,0,1,0,2,1,0,0,2,1,1,0,0,0,2,0,0,6,4,"151400"
0,1,0,1,2,2,0,0,1,2,1,2,0,1,2,1,2,0,1,2,1,0,1,0,0,0,9,7,"132300"
0,1,0,1,2,2,2,1,2,2,2,0,0,0,0,0,0,0,0,2,0,0,0,0,0,0,3,7,"012700"
1,0,0,0,0,0,0,0,0,1,2,2,0,2,0,2,1,0,0,2,0,1,1,1,1,1,6,5,"160000"
0,1,0,0,1,0,2,1,2,0,0,0,0,0,0,0,0,0,2,0,0,0,0,2,0,0,3,4,"011200"
2,1,1,0,0,0,1,1,2,2,1,0,1,0,0,0,0,0,0,0,0,0,0,0,0,0,6,3,"011100"
0,0,0,0,0,0,0,2,2,0,0,2,0,0,1,2,0,1,0,2,1,1,1,0,0,0,5,5,"030422"
1,0,0,2,2,1,0,0,0,2,2,0,0,2,0,0,0,1,2,2,1,1,0,0,3,2,5,7,"270000"
1,1,0,0,0,0,0,0,0,2,0,0,0,2,1,1,1,1,1,2,1,0,0,0,0,0,8,3,"030207"
0,0,0,0,1,2,0,0,0,1,0,2,2,1,0,0,0,0,1,0,0,2,1,0,0,0,5,4,"071700"
0,0,0,1,2,1,0,0,0,2,1,0,0,0,0,0,1,2,1,2,2,1,1,2,1,0,7,6,"200000"
2,0,0,0,0,0,0,1,2,0,2,2,1,1,0,0,0,0,0,0,0,0,0,0,0,0,3,4,"210700"
2,0,0,0,0,0,0,0,0,0,0,2,0,1,0,0,1,0,2,1,0,0,2,0,0,0,3,4,"150700"
0,0,1,1,1,2,0,2,0,0,2,0,0,2,0,0,0,1,0,2,2,0,0,0,0,0,4,6,"020300"
0,0,0,0,1,0,0,0,1,2,2,2,0,1,0,0,1,2,1,2,2,0,0,0,3,3,5,6,"210000"
0,0,0,0,0,2,0,0,1,0,0,0,1,1,0,0,1,2,0,1,0,0,2,1,0,0,6,3,"040312"
0,0,0,2,0,2,0,0,1,0,0,0,1,0,1,0,2,0,0,0,0,0,0,0,0,0,3,3,"032412"
0,0,2,2,0,2,0,2,1,0,2,0,0,0,2,1,1,1,2,0,1,0,2,0,0,0,5,8,"141300"
1,0,0,2,0,0,2,0,0,1,1,0,0,0,0,0,0,0,2,0,0,1,2,2,2,2,4,5,"270500"
0,0,0,0,1,1,0,0,2,1,1,1,0,0,0,2,2,0,1,1,1,2,1,2,0,0,9,5,"171025"
0,0,0,0,2,1,0,0,1,1,2,0,1,0,0,0,1,0,2,1,2,1,1,0,0,0,8,4,"252417"
0,2,0,0,1,0,1,1,2,0,2,1,2,0,0,1,2,0,1,0,0,2,0,0,0,0,6,6,"161500"
1,2,1,2,1,1,0,0,2,1,2,0,1,0,0,0,2,0,1,2,2,1,2,0,1,0,8,8,"130000"
2,2,2,2,1,2,1,1,0,0,1,2,1,0,2,0,2,1,1,0,2,0,0,1,0,0,8,9,"212212"
2,1,2,0,2,2,1,1,0,2,0,0,0,1,0,0,0,0,0,1,1,2,0,0,1,0,6,6,"170000"
0,0,2,0,0,0,1,0,0,0,0,1,0,0,0,1,2,2,0,2,0,0,0,0,0,0,3,4,"260300"
2,1,0,2,0,0,0,1,0,2,0,2,0,0,1,0,0,0,1,1,1,1,0,1,0,0,8,4,"150507"
2,1,0,0,0,2,0,2,1,0,0,0,1,2,0,1,0,2,1,2,0,1,1,2,0,0,7,7,"161700"
0,0,0,0,0,1,2,0,0,0,0,0,1,1,0,0,0,2,0,0,2,0,0,0,6,6,3,3,"031400"
1,1,0,0,1,2,1,2,0,2,1,0,0,1,0,0,0,0,0,0,0,0,0,0,0,0,6,3,"111000"
2,1,2,0,2,0,0,0,1,2,0,0,1,1,0,0,2,1,2,1,2,1,1,1,0,0,9,7,"040325"
0,2,0,1,0,2,0,0,0,0,0,0,2,0,0,0,0,0,1,1,0,0,0,0,6,6,3,3,"141200"
2,2,0,0,0,0,0,0,0,2,0,1,0,0,0,0,1,0,0,1,0,0,1,0,0,0,4,3,"271700"
2,1,0,2,0,0,0,2,0,1,2,0,0,2,2,0,2,0,2,1,1,0,2,0,1,0,4,9,"270000"
0,0,0,0,1,0,0,0,1,0,2,0,0,1,1,2,1,0,0,2,0,0,0,2,0,0,5,4,"132300"
0,0,0,2,1,0,2,0,2,0,0,0,1,2,1,2,2,0,0,1,0,2,0,2,0,0,4,8,"232400"
2,2,0,0,1,0,0,1,0,2,1,0,0,0,0,0,0,0,0,0,1,2,1,0,2,2,5,4,"130000"
1,0,0,0,0,0,2,0,1,1,0,2,1,0,1,0,0,1,0,2,0,2,0,1,0,0,7,4,"242500"
0,0,0,0,2,0,0,1,0,2,2,2,1,2,0,1,1,1,1,2,0,0,0,0,0,0,6,6,"212213"
0,2,0,0,2,0,0,2,0,1,1,1,0,0,2,0,1,0,0,1,0,0,0,0,0,0,5,4,"070000"
0,2,0,0,1,0,2,0,0,0,2,2,1,1,1,1,0,0,0,0,2,0,1,0,0,0,6,5,"050600"
1,0,0,2,0,2,0,1,0,0,2,1,1,0,0,1,0,1,2,1,0,2,2,0,0,0,7,6,"000700"
1,0,1,0,1,2,0,0,0,2,0,0,0,1,2,0,0,0,0,0,1,0,0,1,0,0,6,3,"110107"
1,1,2,2,0,0,0,0,0,0,2,2,0,0,0,0,0,0,2,1,0,0,0,0,5,4,3,5,"070000"
1,2,1,0,1,0,0,0,0,1,2,0,1,2,2,2,0,0,0,2,0,1,1,1,0,0,8,6,"112100"
2,0,0,2,1,0,0,0,0,2,2,0,0,0,0,2,1,0,2,2,2,1,1,2,0,0,4,9,"112100"
1,2,0,0,1,1,0,0,0,1,2,0,0,2,0,0,0,0,1,2,0,1,1,1,0,0,8,4,"112100"
0,0,0,0,1,0,2,0,0,2,1,0,2,0,0,1,0,2,1,2,2,0,0,1,0,0,5,6,"040500"
0,0,0,0,0,0,1,1,1,0,1,2,1,2,0,0,2,1,0,1,0,2,0,0,0,0,7,4,"211100"
2,1,0,0,1,0,0,1,0,1,2,0,1,2,0,0,1,0,0,0,0,1,0,0,0,0,7,3,"212200"
0,0,2,0,1,0,1,0,0,0,0,0,1,2,0,0,2,0,2,1,2,1,0,2,0,0,5,6,"060700"
0,2,0,0,1,1,0,0,0,0,0,0,0,0,0,0,0,0,1,1,2,2,0,0,0,0,4,3,"161700"
0,0,0,0,1,1,2,0,0,1,0,0,1,1,0,0,2,2,0,1,0,2,2,0,0,0,6,5,"071700"
2,0,1,2,2,2,1,1,0,1,1,2,0,1,0,0,0,2,0,2,0,0,2,1,0,0,7,8,"130327"
0,0,0,1,2,1,0,0,0,0,1,0,1,0,1,0,2,1,0,1,1,2,0,2,0,0,8,4,"231311"
0,2,1,0,0,1,0,0,1,0,0,0,0,1,0,0,0,2,0,0,1,2,0,1,0,0,6,3,"130301"
0,0,1,0,1,2,0,1,1,0,1,0,0,2,0,2,2,0,1,1,1,0,0,0,0,0,8,4,"150500"
0,0,1,0,0,0,0,1,2,1,0,2,0,0,0,2,0,0,1,1,0,1,1,0,0,0,7,3,"212000"
1,1,1,0,0,0,0,0,0,1,0,0,2,1,2,2,0,0,0,1,1,0,1,1,0,0,9,3,"070603"
1,0,0,0,2,1,1,1,2,1,2,0,1,0,2,0,0,2,0,1,0,1,2,0,0,0,8,6,"000100"
2,0,2,0,2,0,0,2,1,1,2,0,1,2,1,0,2,2,1,1,0,2,0,0,0,0,6,9,"030400"
2,1,0,0,1,0,0,2,0,1,0,2,0,0,0,0,0,0,0,0,0,2,0,0,0,0,3,4,"011700"
0,1,0,2,2,0,1,1,1,2,0,0,1,0,0,0,1,2,2,2,2,0,0,1,0,0,7,7,"202700"
0,0,0,0,0,2,0,2,0,0,0,0,1,2,1,0,2,0,1,0,0,0,0,0,0,0,3,4,"232400"
0,2,1,1,0,1,1,0,2,2,1,1,2,0,1,1,2,2,0,2,0,2,1,0,0,0,9,8,"050406"
1,1,1,1,0,1,0,0,2,2,2,2,0,0,1,2,0,0,2,1,1,0,2,0,0,0,8,7,"011126"
0,1,0,1,1,1,0,1,0,0,0,2,0,0,2,0,1,2,0,2,0,0,2,0,0,0,6,5,"010000"
1,0,1,0,2,0,0,0,2,2,2,2,0,1,1,1,0,0,0,2,0,1,1,0,0,0,7,6,"030411"
0,0,0,2,1,0,1,0,0,2,2,0,0,0,1,0,0,0,2,1,0,0,0,0,2,1,4,4,"270000"
0,0,0,0,1,1,1,2,2,1,1,1,1,0,0,0,2,0,0,2,0,1,0,0,0,0,8,4,"171025"
2,1,2,1,0,0,0,1,2,2,1,2,0,1,0,0,1,0,1,2,0,2,1,0,0,0,8,7,"101115"
0,0,0,0,0,0,0,0,2,2,0,1,2,0,1,0,1,0,0,0,0,1,0,2,5,5,4,4,"240000"
1,0,1,2,1,0,0,2,0,0,1,1,0,0,1,0,2,0,0,0,2,1,1,1,0,0,9,4,"060725"
1,0,0,0,0,0,0,0,0,0,2,1,0,0,0,0,2,0,0,1,0,1,2,0,0,0,4,3,"000700"
0,2,0,0,0,1,2,2,0,2,2,0,2,1,0,0,0,2,0,0,1,0,0,0,0,0,3,7,"141100"
2,0,2,2,0,1,1,0,1,2,1,1,2,1,0,0,2,1,2,1,2,0,0,1,0,0,9,8,"202100"
0,0,2,2,1,1,1,1,1,2,1,0,2,2,0,1,1,1,0,0,2,0,0,0,0,0,9,6,"172723"
1,2,2,2,0,0,0,2,1,0,0,0,2,0,1,0,1,2,0,0,0,2,1,1,0,0,6,7,"031300"
1,0,1,2,1,0,0,0,1,2,0,2,0,0,2,0,0,0,2,1,0,0,0,1,0,0,6,5,"110127"
1,0,0,0,2,1,2,0,2,0,0,2,0,2,2,0,1,2,0,2,2,1,0,0,0,0,4,9,"252600"
0,0,0,0,0,0,1,2,1,1,1,0,0,2,0,1,2,1,2,2,0,0,2,0,0,0,6,6,"172716"
0,0,0,2,1,0,0,2,1,2,0,0,2,0,2,0,0,2,2,1,0,0,2,0,0,0,3,8,"111700"
0,0,0,2,0,0,0,0,0,0,1,0,0,1,0,2,0,0,0,1,2,2,0,0,0,0,3,4,"130500"
1,0,2,0,0,0,0,2,0,2,0,0,1,1,1,0,1,0,0,0,0,2,0,0,4,4,5,4,"240000"
0,2,0,1,1,2,0,0,2,0,1,0,0,2,1,0,2,0,1,2,0,2,1,2,0,0,6,8,"170700"
0,1,0,0,0,0,2,1,0,0,0,2,0,0,0,2,0,1,1,2,0,0,0,0,0,0,4,4,"242500"
0,2,0,0,0,0,1,2,2,0,0,1,0,2,0,1,2,0,0,0,0,0,2,0,0,0,3,6,"272300"
0,1,0,2,1,0,1,0,0,0,1,2,2,1,2,0,0,1,0,2,0,2,0,2,0,0,6,7,"202106"
2,0,1,2,0,1,0,0,0,0,2,0,0,1,1,0,0,0,2,0,1,2,0,0,2,2,5,5,"070000"
1,0,1,0,0,1,1,0,0,0,1,0,2,1,0,2,0,0,0,1,1,0,2,1,0,0,9,3,"130305"
0,2,0,0,1,0,1,2,0,1,2,2,1,1,0,0,0,0,0,0,2,0,0,2,4,3,5,6,"031400"
0,0,0,2,2,2,0,2,2,1,1,1,2,2,0,0,0,2,0,0,0,0,0,0,1,0,3,8,"010000"
2,1,0,2,2,2,0,1,0,1,1,2,2,1,0,1,2,0,2,1,1,0,2,0,0,0,8,9,"212200"
0,0,0,1,1,1,0,0,2,0,0,0,0,2,0,1,0,2,1,0,0,2,0,2,0,0,5,5,"262700"
1,0,2,0,2,0,2,0,2,1,2,0,0,0,0,0,0,0,0,0,0,1,0,0,0,0,3,5,"062100"
1,0,0,2,0,0,0,0,0,2,1,0,0,1,0,0,0,0,2,1,0,0,0,0,0,0,4,3,"131200"
2,1,2,0,1,0,0,1,0,0,0,0,0,0,0,0,0,2,1,1,1,2,2,2,2,1,6,6,"070000"
0,1,1,0,2,0,0,1,2,0,0,0,1,2,0,0,0,0,0,0,0,0,0,0,0,0,4,3,"232400"
2,2,0,2,0,0,0,0,0,1,0,0,0,0,1,0,0,0,0,1,0,0,0,2,0,0,3,4,"150600"
1,1,2,0,2,0,0,0,0,1,0,0,0,0,0,0,0,0,0,0,2,0,0,0,6,6,3,3,"060200"
2,0,1,1,0,0,0,0,0,2,0,1,1,0,1,2,1,0,0,1,0,2,0,2,0,0,7,5,"271700"
0,1,0,2,1,1,0,1,0,2,2,0,0,0,0,0,1,0,1,0,2,2,0,0,3,3,6,5,"270000"
0,1,2,0,0,1,0,2,1,1,1,1,1,0,2,0,1,1,0,0,0,0,2,0,0,0,9,4,"272621"
0,0,0,2,0,0,0,2,1,2,0,2,1,2,0,0,0,0,0,1,0,0,2,2,0,0,3,7,"152407"
0,2,0,2,1,2,0,0,0,0,2,1,0,0,0,2,0,0,0,1,0,0,2,0,0,0,3,6,"271600"
0,2,2,1,1,0,0,2,0,1,0,0,1,1,1,0,0,0,2,0,1,0,1,1,0,0,9,4,"131202"
0,2,0,0,1,0,2,0,1,0,1,2,0,1,1,0,0,1,0,0,0,1,2,2,0,0,7,5,"222327"
1,1,0,0,0,1,1,1,0,1,2,0,2,1,2,2,2,2,1,2,0,1,0,2,0,0,9,8,"011100"
2,1,0,2,2,2,0,1,0,0,0,2,0,2,0,0,0,1,1,0,2,1,2,1,0,0,6,8,"060700"
0,0,1,0,0,0,0,1,2,0,2,0,0,0,1,0,1,2,0,0,1,2,1,1,0,0,7,4,"020100"
0,2,0,2,0,0,2,0,0,0,0,0,0,0,0,1,1,0,0,1,2,0,1,0,0,0,4,4,"252400"
0,1,2,2,2,0,1,2,2,0,1,2,1,0,1,0,1,0,0,0,2,0,0,0,0,0,6,7,"031300"
1,1,0,0,2,0,0,0,2,0,1,0,0,0,0,0,0,0,0,0,0,0,2,1,0,0,4,3,"170700"
0,0,0,0,2,0,0,1,1,1,1,1,1,0,0,0,0,2,0,0,2,0,0,0,2,2,6,3,"130000"
0,0,0,2,0,2,0,0,0,1,1,1,0,1,0,0,0,0,2,0,2,0,0,0,3,2,4,4,"150000"
0,1,0,1,2,0,0,1,0,1,2,0,0,1,0,0,0,0,1,1,2,0,0,1,0,0,8,3,"040500"
2,0,0,0,1,0,0,0,0,2,2,2,1,2,0,0,0,0,0,0,1,2,2,2,1,0,3,8,"240000"
1,0,1,2,2,1,1,0,0,0,2,2,0,0,0,0,0,0,2,0,0,2,0,0,3,3,4,6,"012700"
0,2,0,1,2,2,0,0,0,0,0,0,0,2,2,0,0,0,1,2,1,2,0,0,0,0,3,7,"141715"
2,1,2,0,0,0,0,0,0,1,0,0,0,1,0,0,1,0,0,1,0,2,1,2,0,0,6,4,"130300"
0,2,0,0,1,0,1,2,2,0,2,0,0,0,0,1,0,0,0,0,0,0,0,0,0,0,3,4,"112721"
0,1,0,0,2,0,0,0,0,0,1,2,2,0,2,0,2,0,0,1,1,2,0,0,0,0,4,6,"171625"
0,2,0,1,2,0,1,0,2,1,0,1,0,0,0,1,1,0,1,1,0,2,1,0,0,0,9,4,"202100"
0,2,2,0,0,1,2,1,0,0,0,2,0,1,2,1,2,0,1,1,1,0,2,0,0,0,7,7,"121100"
0,1,0,2,2,2,0,0,1,0,1,1,1,0,0,2,0,2,0,2,0,1,2,1,0,0,7,7,"060715"
0,0,0,0,0,2,1,0,1,0,0,0,0,0,2,1,0,0,0,0,2,2,0,0,6,5,3,4,"130000"
1,0,0,0,1,2,0,2,0,0,1,0,0,0,0,1,2,1,1,1,1,2,0,0,0,0,8,4,"141300"
0,2,0,0,0,0,0,0,0,0,1,0,0,0,2,0,0,0,2,1,2,2,2,1,0,0,3,6,"171100"
1,0,1,1,1,1,2,1,0,2,0,1,0,1,0,0,2,0,0,0,0,0,2,1,0,0,9,4,"110105"
0,1,0,0,1,0,0,1,0,2,0,0,2,0,0,0,0,0,0,0,0,1,2,0,0,0,4,3,"111000"
2,0,2,0,1,1,2,0,0,0,2,2,1,0,0,0,0,0,0,0,0,2,0,0,0,0,3,6,"231017"
2,0,1,0,0,1,0,0,1,2,0,0,2,1,1,2,1,2,2,2,1,2,1,0,0,0,8,8,"121100"
1,0,0,0,0,2,0,0,0,0,1,1,0,0,0,2,1,0,1,2,1,1,0,2,0,0,7,4,"000715"
2,0,1,0,1,0,2,2,1,1,1,1,0,2,2,0,0,0,1,0,0,0,0,2,0,0,7,6,"171000"
2,1,2,0,2,0,0,0,0,2,0,0,0,0,1,0,0,0,0,0,0,0,1,0,0,0,3,4,"051700"
0,1,2,0,2,1,2,1,0,0,1,2,2,0,0,0,2,2,0,0,2,1,0,0,0,0,5,8,"010000"
2,1,0,0,0,0,2,0,0,0,1,2,0,0,2,0,2,0,0,1,1,0,0,2,0,0,4,6,"171627"
2,2,2,0,2,0,0,1,0,0,2,0,2,0,0,2,2,1,0,0,0,1,2,0,0,0,3,9,"060700"
1,0,1,0,0,0,1,2,2,0,1,2,2,2,2,0,1,0,1,0,1,1,0,0,0,0,8,6,"161500"
0,2,0,0,0,0,1,1,0,0,1,0,1,1,1,0,1,2,2,0,2,0,0,0,0,0,7,4,"172700"
0,0,0,1,1,0,2,2,2,0,0,0,1,1,1,2,0,2,0,0,1,0,0,0,0,0,6,5,"131226"
1,2,0,0,0,1,0,2,2,1,2,0,0,1,0,0,0,0,0,1,1,1,0,2,1,1,7,5,"160100"
1,0,0,0,1,0,1,0,0,2,1,2,0,0,0,1,0,0,0,1,0,1,2,1,0,0,8,3,"112100"
0,0,0,0,0,1,0,1,0,0,0,0,1,2,1,0,0,2,0,0,1,2,0,0,0,0,5,3,"211100"
0,1,0,0,1,0,0,0,0,2,1,0,0,1,0,0,0,0,0,2,2,0,1,2,0,0,5,4,"112100"
0,1,0,2,1,0,0,1,0,1,2,1,1,0,0,2,0,2,2,1,0,1,0,1,0,0,9,5,"010024"
0,0,0,0,2,0,1,2,0,2,2,2,1,0,0,2,0,2,1,2,1,1,1,1,0,0,7,8,"040300"
2,0,0,0,0,0,2,2,1,2,1,0,1,1,1,1,0,2,0,0,0,0,0,0,3,3,6,5,"060000"
2,0,0,0,0,0,0,0,0,1,0,1,0,0,0,0,0,2,0,0,0,1,2,0,0,0,3,3,"061700"
0,0,0,0,0,1,2,2,1,0,0,2,1,1,1,2,0,2,0,0,0,0,0,0,3,3,5,5,"142400"
2,1,2,0,0,0,0,0,2,2,1,0,0,1,2,1,1,1,0,2,2,1,1,2,0,0,8,8,"242300"
1,0,2,0,2,0,0,0,0,1,1,0,0,0,0,2,0,0,0,2,0,1,1,0,4,4,5,4,"160000"
1,0,0,2,1,2,2,0,0,2,0,0,2,1,2,1,0,0,2,1,0,0,0,2,0,0,5,8,"000100"
2,1,0,0,0,0,0,0,0,1,0,0,0,0,2,0,1,0,0,2,0,0,0,1,0,0,4,3,"070600"
2,1,0,2,2,0,1,1,1,2,0,1,0,2,0,2,2,1,0,1,0,2,1,0,0,0,8,8,"271700"
1,2,2,2,0,0,1,2,0,0,1,0,0,0,2,0,1,0,0,1,1,2,1,0,0,0,7,6,"171621"
0,0,1,0,0,0,2,0,2,0,2,0,1,2,1,0,1,1,0,2,0,2,1,1,2,2,7,6,"262200"
2,2,0,1,0,0,0,0,0,0,1,0,2,0,2,0,1,0,1,0,1,0,0,0,0,0,5,4,"251523"
2,0,0,2,2,0,0,0,2,2,1,0,1,0,0,2,2,1,0,2,1,1,2,1,0,0,6,9,"040300"
2,1,0,1,0,0,0,0,0,1,0,0,0,0,0,1,2,0,0,1,0,1,2,0,0,0,6,3,"262700"
2,2,1,0,0,0,1,0,0,1,2,1,0,0,0,0,0,0,0,0,0,0,0,0,0,0,4,3,"202100"
0,0,2,0,2,0,0,2,0,0,1,0,1,1,1,2,1,0,0,2,0,2,1,0,0,0,6,6,"252400"
2,0,0,2,2,0,2,0,1,1,2,0,1,2,0,0,1,1,2,0,0,0,0,1,0,0,6,7,"251500"
1,0,2,2,2,1,0,0,0,1,2,2,0,0,1,0,0,0,1,2,1,2,0,1,2,2,7,7,"131500"
0,1,0,1,1,1,0,1,0,2,1,2,0,1,0,2,0,0,1,2,1,2,0,0,0,0,9,5,"132300"
2,1,2,0,1,1,2,2,0,0,1,0,2,2,0,2,0,1,1,2,2,0,0,0,0,0,6,9,"111023"
2,0,0,0,0,1,0,0,1,2,0,0,1,1,2,2,1,1,0,0,1,2,2,2,0,0,7,7,"141500"
0,2,0,0,1,0,2,2,2,1,0,1,1,0,1,0,0,0,1,1,0,0,0,0,0,0,7,4,"070600"
0,2,0,0,0,0,1,2,0,0,0,0,0,2,0,1,1,1,0,0,1,0,0,0,0,0,5,3,"202700"
1,0,1,2,1,0,0,2,0,0,1,0,0,0,1,0,0,0,2,0,2,1,0,1,0,0,7,4,"040500"
1,0,0,0,2,1,1,2,0,2,0,2,2,1,2,0,1,0,0,2,1,1,0,0,0,0,7,7,"000100"
0,1,1,0,0,0,0,0,0,2,0,0,0,2,0,0,0,0,2,1,0,0,2,0,0,0,3,4,"150016"
2,0,0,0,0,0,2,1,1,2,0,0,1,2,1,0,0,2,1,2,0,2,0,0,2,1,5,7,"110000"
0,0,2,2,2,0,0,0,0,0,1,2,0,2,0,0,0,0,0,0,2,1,1,1,0,0,4,6,"060700"
0,0,1,2,1,2,0,0,2,0,2,1,1,1,1,0,2,1,0,2,2,0,0,2,0,0,7,8,"272000"
0,0,0,0,2,0,0,2,0,2,0,0,1,0,1,0,0,2,1,1,1,1,0,2,0,0,6,5,"141311"
2,0,0,0,2,0,0,2,0,0,1,1,0,1,0,0,0,0,0,2,0,0,0,0,0,0,3,4,"170100"
0,2,1,0,2,1,0,1,0,2,2,2,0,2,1,0,2,0,0,2,0,0,0,2,0,0,4,9,"212000"
0,0,0,2,1,2,2,2,1,1,2,1,2,0,1,1,1,2,2,1,0,0,2,0,0,0,8,9,"030200"
2,2,0,1,1,2,1,1,1,2,0,0,0,0,0,0,0,0,0,0,0,2,0,0,3,3,5,5,"020000"
2,1,1,2,2,2,0,0,0,0,2,0,0,2,1,0,0,0,2,0,2,0,1,0,0,0,4,8,"050400"
2,1,0,0,0,2,0,1,2,2,1,0,0,0,0,0,0,0,0,0,0,1,1,1,0,0,6,4,"211100"
0,2,1,1,2,0,0,0,1,1,2,0,1,0,2,0,0,1,2,1,1,2,1,2,0,0,9,7,"141300"
0,0,1,0,1,0,0,0,2,0,1,0,0,1,0,0,1,0,2,2,2,1,1,1,0,0,8,4,"112100"
2,0,2,0,2,0,1,1,1,0,1,0,0,2,0,0,0,0,0,0,0,0,0,0,0,0,4,4,"222300"
0,2,0,0,1,2,2,1,1,1,0,1,0,2,1,2,0,0,1,2,0,2,0,0,0,0,7,7,"161715"
2,1,0,2,1,0,0,0,0,2,1,0,1,0,0,0,0,0,0,1,1,1,0,2,0,0,7,4,"150500"
0,2,0,1,0,0,0,0,0,2,0,0,0,0,0,1,0,0,0,1,2,0,2,0,0,0,3,4,"261300"
2,2,1,1,2,1,0,0,0,2,1,0,0,0,0,2,0,0,1,0,0,2,1,0,2,1,6,6,"250000"
1,0,2,2,0,0,0,0,0,1,0,0,0,0,0,0,0,2,2,0,0,1,2,2,0,0,3,6,"001700"
2,1,0,0,0,0,2,1,2,0,1,2,1,2,2,2,0,1,0,2,0,1,1,1,0,0,8,8,"060700"
2,2,2,0,0,0,1,0,1,0,0,2,2,0,1,0,1,0,0,2,0,1,0,0,0,0,5,6,"060700"
0,0,1,1,0,2,0,0,2,0,0,0,0,1,0,0,0,0,2,2,1,1,0,0,0,0,5,4,"132300"
0,0,0,2,1,2,0,1,2,0,1,0,2,1,0,1,0,1,0,1,0,2,0,0,0,0,7,5,"152506"
1,2,0,0,1,0,1,2,0,1,2,1,2,0,1,1,0,2,1,2,0,2,2,2,0,0,8,9,"111000"
0,0,0,0,2,0,2,1,0,2,2,0,2,0,1,2,1,1,0,2,0,1,1,2,0,0,6,8,"212200"
0,2,1,0,2,0,1,2,0,0,2,0,2,1,2,2,0,0,0,0,0,0,2,0,0,0,3,8,"021200"
0,2,0,1,0,0,0,0,0,2,1,1,0,2,0,0,0,0,1,0,0,0,2,0,3,2,4,4,"200000"
0,0,0,0,2,0,2,0,1,0,0,1,0,0,0,2,0,1,2,0,0,0,0,0,0,0,3,4,"241700"
0,0,0,1,1,1,0,0,2,0,0,0,0,0,0,0,0,0,2,0,0,2,0,0,0,0,3,3,"122100"
1,2,0,0,1,0,0,2,2,0,0,0,2,0,0,0,0,0,0,0,1,0,0,0,6,5,3,4,"240000"
1,2,0,0,0,0,0,0,0,1,0,1,1,0,0,2,2,2,1,1,0,1,0,0,0,0,7,4,"071700"
1,0,1,1,1,0,2,2,0,1,1,1,0,2,2,0,0,0,1,0,0,0,0,0,0,0,8,4,"070600"
2,0,0,0,0,0,0,0,0,1,2,2,0,0,0,0,2,0,0,1,2,1,2,0,0,0,3,6,"062200"
0,0,0,0,2,0,2,0,1,2,2,2,0,1,0,1,0,1,0,0,0,0,0,0,4,3,4,5,"140000"
2,0,1,1,1,1,2,0,2,0,2,1,1,1,0,2,0,1,0,2,1,0,0,0,0,0,9,6,"130300"
2,0,0,0,0,0,0,2,0,0,2,1,0,0,1,0,0,0,0,1,0,0,0,0,0,0,3,3,"032500"
0,0,1,2,1,0,0,0,1,2,1,0,0,0,0,2,0,0,2,1,1,2,0,0,0,0,6,5,"020100"
0,0,0,1,0,2,1,2,0,0,1,0,0,2,0,1,1,2,1,1,1,0,0,2,0,0,8,5,"150500"
2,2,0,0,0,2,0,0,0,1,1,1,0,2,0,0,0,0,0,0,2,0,0,0,1,0,3,5,"030000"
2,2,1,0,1,2,2,0,1,1,0,0,0,1,0,0,2,1,0,1,2,0,2,1,0,0,8,7,"040300"
0,0,2,2,2,2,0,0,0,0,2,1,0,0,0,0,2,0,2,0,1,0,0,0,2,1,2,7,"210000"
0,2,0,1,2,2,0,0,0,0,1,0,0,2,0,0,0,0,1,0,0,2,0,2,0,0,3,6,"160300"
2,2,1,0,1,0,0,0,1,2,1,0,1,0,1,0,2,1,0,0,2,2,1,0,0,0,8,6,"231300"
1,0,0,1,1,1,0,0,0,2,2,1,0,1,2,2,1,0,2,2,1,2,1,0,0,0,9,7,"110100"
1,1,1,0,2,0,2,0,0,1,2,0,2,0,1,0,1,0,2,1,0,1,1,0,0,0,9,5,"050411"
2,1,0,0,0,0,2,0,1,2,1,0,0,1,1,0,0,1,2,1,2,2,2,1,0,0,8,7,"222320"
2,1,0,2,2,0,0,1,1,2,0,2,0,0,0,1,0,0,1,2,0,1,1,1,0,0,8,6,"161700"
0,1,0,0,2,1,2,2,0,0,1,0,0,0,1,1,1,2,0,1,0,2,0,0,0,0,7,5,"151400"
1,2,0,0,1,2,0,0,0,1,0,1,0,0,0,2,0,2,0,2,0,1,0,0,0,0,5,5,"071700"
0,2,0,1,0,0,2,1,2,1,2,2,1,0,2,1,2,1,2,2,1,0,1,0,1,0,8,9,"040000"
0,0,0,1,0,2,1,0,0,2,2,2,0,0,0,0,0,0,1,0,2,0,0,0,3,3,3,5,"130000"
2,0,0,2,0,0,0,0,0,2,1,1,1,1,1,0,0,1,2,0,2,1,0,1,0,0,8,5,"040500"
0,0,0,1,0,0,0,0,0,1,2,0,0,0,0,1,0,0,1,2,1,0,1,2,0,0,6,3,"262700"
0,0,0,0,2,1,0,0,0,0,0,0,2,2,0,1,1,1,0,0,1,0,1,0,0,0,6,3,"141511"
2,2,1,0,2,0,0,0,2,0,1,2,2,2,2,0,0,0,1,0,1,1,1,1,0,0,7,8,"051522"
0,0,0,1,2,2,0,0,0,0,2,0,0,0,0,0,0,0,1,0,0,1,1,2,5,5,4,4,"150000"
0,2,1,1,1,0,0,2,0,1,0,2,1,2,1,0,0,0,0,0,0,2,2,1,0,0,7,6,"101700"
2,1,1,0,2,1,1,2,0,2,0,1,0,0,0,0,1,0,0,1,0,2,1,0,0,0,8,5,"271700"
1,0,0,0,2,1,1,0,0,1,2,0,2,0,2,2,0,0,2,1,0,1,0,0,0,0,6,6,"202100"
0,2,1,0,1,0,0,0,0,2,0,0,2,2,1,0,0,1,0,1,0,2,2,2,0,0,5,7,"112100"
0,0,0,0,1,0,0,1,2,0,0,0,0,2,0,2,1,2,0,2,0,0,0,0,0,0,3,5,"250124"
1,2,1,0,1,2,0,1,0,1,0,0,0,1,0,0,0,0,0,0,0,2,0,0,0,0,6,3,"071700"
0,0,0,2,1,1,0,0,0,0,0,0,0,0,1,2,0,0,1,0,0,0,2,0,0,0,4,3,"161700"
0,2,0,0,1,2,0,0,0,0,2,1,0,1,0,0,0,2,0,0,0,0,2,1,0,0,4,5,"132300"
0,0,2,1,1,0,2,2,2,2,0,0,0,0,2,0,0,0,0,0,0,0,1,2,0,0,3,7,"051700"
0,0,0,0,0,0,2,0,0,0,0,2,1,0,0,1,2,0,0,0,2,0,0,1,0,0,3,4,"041500"
0,0,0,0,0,1,0,0,0,2,0,0,1,1,2,0,0,2,0,0,0,0,0,0,0,0,3,3,"231407"
0,2,0,0,2,0,1,1,1,2,0,0,0,0,0,1,0,1,0,0,0,2,0,0,4,4,5,4,"000000"
2,0,2,2,0,0,1,2,1,1,0,2,0,0,2,2,1,0,1,2,1,0,1,2,0,0,7,9,"141300"
0,2,0,0,0,0,0,2,0,0,0,0,0,0,2,0,1,0,2,1,2,0,1,0,0,0,3,5,"051100"
2,2,1,1,1,1,0,0,2,1,0,1,0,0,1,0,0,1,0,0,0,2,1,0,0,0,9,4,"242300"
0,1,1,0,0,0,0,2,1,0,0,0,0,2,0,1,2,1,2,0,0,2,1,2,3,3,6,6,"002500"
0,2,0,0,1,1,0,2,0,1,1,1,0,0,0,0,0,0,2,1,0,0,2,0,0,0,6,4,"152500"
1,0,0,2,0,2,2,0,0,0,1,0,1,2,0,0,2,1,0,1,2,0,0,0,0,0,5,6,"150500"
2,1,2,0,2,0,0,1,2,0,0,2,1,2,1,2,2,1,0,1,0,1,0,0,2,1,7,8,"170000"
2,0,0,0,0,0,1,2,0,0,1,0,0,2,1,0,1,0,2,2,0,0,0,0,0,0,4,5,"252600"
1,0,1,2,0,1,2,0,0,2,2,1,0,1,2,2,1,0,1,0,1,0,2,1,0,0,9,7,"251503"
1,0,1,2,1,0,0,0,2,0,0,0,0,1,1,0,0,0,2,0,1,2,0,0,0,0,6,4,"030400"
0,0,0,0,0,0,0,0,1,1,2,0,2,0,0,2,2,1,0,0,0,0,2,0,0,0,3,5,"072100"
2,2,1,1,1,0,0,1,0,2,2,0,0,0,0,0,0,0,1,2,1,2,0,0,2,1,6,6,"121700"
0,0,2,0,2,1,0,1,0,1,0,0,2,0,2,0,0,0,1,0,0,0,2,0,0,0,4,5,"212000"
1,0,0,0,2,0,2,0,1,2,2,1,0,2,0,1,2,2,1,1,1,1,0,0,1,1,8,7,"030000"
0,0,1,2,1,2,1,0,0,0,1,0,2,1,0,1,0,2,2,1,2,2,1,2,0,0,8,8,"172724"
0,2,0,2,2,0,2,0,0,1,0,2,1,0,2,0,2,0,0,1,1,2,2,0,0,0,4,9,"231300"
2,1,2,0,1,0,2,1,2,1,1,1,0,0,0,1,0,0,2,0,2,2,1,0,1,0,8,7,"120000"
1,1,0,0,1,2,2,2,0,0,1,2,1,0,2,2,1,0,0,0,0,2,2,0,0,0,6,8,"231300"
2,1,0,0,1,0,1,1,2,2,0,0,0,0,0,0,1,0,0,0,1,2,0,1,1,1,7,4,"170000"
2,0,0,0,0,0,1,0,1,0,0,1,0,0,0,1,2,0,0,2,0,2,2,0,0,0,4,5,"202100"
1,2,1,0,2,0,2,0,0,1,0,0,0,1,0,0,1,0,0,1,1,1,0,0,0,0,8,3,"060501"
0,0,1,0,1,0,0,2,0,0,1,1,2,1,0,0,0,0,2,0,2,1,0,0,0,0,6,4,"131200"
0,0,0,1,1,2,1,0,0,0,0,2,2,0,0,0,0,0,0,0,0,0,2,1,5,5,4,4,"030000"
1,0,2,2,0,0,0,2,0,1,0,0,2,1,0,2,0,2,0,2,0,1,1,2,0,0,5,8,"000100"
1,0,0,0,1,1,0,1,2,2,1,2,0,2,0,0,0,2,0,1,0,0,1,0,0,0,7,5,"000124"
2,2,1,1,1,1,1,1,2,2,1,0,0,2,0,1,0,0,2,0,0,2,0,0,0,0,8,7,"172701"
0,0,0,0,2,0,0,0,0,2,2,0,0,0,0,0,2,0,1,1,2,0,2,1,0,0,3,6,"040100"
0,1,0,0,0,2,0,0,0,0,0,0,0,1,2,0,2,0,2,1,2,0,2,0,0,0,3,6,"011700"
1,0,2,0,0,0,0,0,1,2,2,2,0,1,0,1,1,1,0,1,0,2,2,2,0,0,7,7,"242300"
0,0,0,2,0,0,1,2,0,0,1,2,0,2,0,2,0,1,2,0,0,0,0,0,0,0,3,6,"242200"
1,2,1,2,0,0,0,1,0,2,0,0,0,1,2,2,1,0,2,1,2,1,2,0,0,0,7,8,"132300"
0,2,0,2,2,1,0,2,0,0,0,1,0,2,1,2,1,1,0,2,1,1,0,2,0,0,7,8,"030200"
0,0,2,0,0,2,0,0,1,0,2,2,0,1,1,0,2,1,1,1,0,0,0,0,0,0,6,5,"242327"
0,2,0,1,1,2,0,1,2,1,2,2,1,2,0,1,0,2,1,1,1,0,2,0,0,0,9,8,"152500"
2,1,0,2,1,0,1,1,0,2,1,0,0,0,0,2,0,0,0,0,0,1,0,0,0,0,6,4,"060500"
0,0,1,0,0,1,0,0,0,2,2,0,0,0,1,2,2,2,0,2,0,0,0,0,0,0,3,6,"120417"
1,2,0,0,0,0,0,0,0,2,1,0,0,2,0,1,2,0,0,0,0,0,0,0,6,5,3,4,"150000"
0,2,0,2,0,0,1,0,0,0,0,0,1,0,2,0,2,0,2,2,0,1,2,0,0,0,3,7,"200400"
0,1,0,2,1,0,1,2,0,2,1,0,0,0,0,2,1,0,0,1,0,1,1,2,0,0,8,5,"010000"
0,2,1,0,1,2,2,1,2,0,1,0,1,1,1,0,0,0,1,0,0,0,0,1,0,0,9,4,"040500"
1,0,1,2,0,0,2,1,2,0,0,1,1,0,0,0,2,0,0,1,0,0,0,0,0,0,6,4,"000100"
1,0,0,0,2,1,2,1,0,2,0,0,0,1,2,0,1,2,0,2,1,0,0,2,0,0,6,7,"000100"
0,1,0,0,2,0,1,0,0,1,1,0,2,0,1,1,1,2,0,0,0,1,2,2,0,0,8,5,"202724"
2,2,1,0,0,0,0,0,1,0,0,2,1,2,1,1,1,1,0,0,0,0,2,2,2,1,7,6,"060000"
2,0,2,1,0,0,2,0,1,0,2,1,0,0,0,1,0,2,1,1,2,2,0,0,0,0,6,7,"222100"
1,1,1,1,1,0,0,1,2,2,0,0,2,1,1,2,0,0,0,2,0,0,2,0,0,0,8,6,"131215"
0,0,0,0,0,2,0,2,0,0,2,0,2,0,1,0,0,1,0,0,1,0,0,0,0,0,3,4,"141000"
0,1,0,0,1,0,0,1,0,1,1,1,0,1,2,0,0,0,2,1,0,2,2,1,0,0,9,4,"010000"
0,2,1,0,0,0,0,1,2,0,0,2,2,2,1,0,2,0,0,0,0,1,2,1,0,0,5,7,"060700"
2,1,2,1,2,0,0,0,0,1,2,0,1,1,0,2,0,0,0,0,0,2,0,0,4,3,5,6,"031100"
1,1,2,0,0,0,0,0,0,0,0,0,0,1,2,0,0,0,0,0,0,0,2,1,0,0,4,3,"132300"
0,0,1,1,2,0,0,2,0,2,1,2,1,1,1,0,0,0,1,2,0,1,1,0,0,0,9,5,"030407"
0,0,2,0,0,2,0,2,0,2,0,0,0,2,1,0,0,2,0,1,2,0,1,2,0,0,3,8,"032504"
0,0,0,1,0,0,0,0,1,2,0,0,2,0,0,0,2,1,0,0,0,2,0,0,0,0,3,4,"102100"
0,0,1,0,0,1,0,0,0,2,2,2,1,0,1,0,1,0,0,2,0,0,0,2,1,1,5,5,"220000"
0,0,0,2,1,2,1,2,1,0,2,1,0,1,0,2,0,0,2,2,1,0,0,0,2,1,6,7,"230000"
2,0,0,0,0,0,1,0,0,2,1,2,0,0,0,1,0,0,0,0,0,2,2,0,4,3,3,5,"040000"
0,0,0,0,0,2,1,0,2,1,1,0,1,0,1,1,0,2,0,2,2,2,0,2,0,0,6,7,"172715"
0,0,0,0,2,1,0,0,0,0,2,2,2,2,0,0,1,0,1,2,1,0,0,2,0,0,4,7,"252600"
0,2,0,1,1,0,2,0,0,0,0,0,0,0,2,0,2,0,0,0,0,1,2,0,0,0,3,5,"061205"
1,1,2,2,2,1,0,0,0,1,2,0,0,0,0,1,0,0,2,0,0,1,0,0,2,2,6,5,"240000"
0,1,0,1,2,0,2,1,0,1,2,0,0,0,0,2,2,1,1,1,2,1,0,2,0,0,8,7,"010017"
0,2,0,0,2,0,0,2,0,1,1,1,1,0,0,0,1,0,0,0,1,2,0,0,2,1,6,4,"050000"
2,1,0,2,0,0,2,1,1,2,1,0,1,0,2,0,0,1,0,0,1,2,2,1,0,0,8,7,"211100"
2,1,2,1,1,1,2,0,0,2,2,0,1,1,0,0,0,0,2,0,1,2,0,0,0,0,7,7,"130300"
2,1,0,1,0,0,0,0,0,1,2,0,0,0,0,0,0,0,0,1,0,1,2,1,0,0,6,3,"101100"
2,0,0,0,0,1,0,2,2,0,0,0,0,1,1,0,0,1,0,1,0,2,1,0,0,0,6,4,"242500"
1,2,2,2,2,1,1,1,0,1,1,2,0,0,0,0,0,0,2,0,2,1,0,0,2,1,7,7,"221400"
0,2,0,0,1,2,2,1,0,2,1,0,2,0,1,1,2,1,2,1,0,1,2,0,0,0,8,8,"031300"
1,0,2,2,1,0,0,2,0,0,2,0,2,1,1,0,0,0,1,0,0,2,0,0,4,3,5,6,"250000"
1,2,0,0,0,1,0,0,2,1,0,0,0,2,2,0,0,2,2,1,2,1,0,2,0,0,5,8,"121100"
0,0,0,1,1,1,0,0,0,2,1,0,0,1,0,2,0,0,1,2,1,2,0,0,2,2,7,4,"010000"
1,2,0,2,0,1,1,1,1,0,1,0,2,0,0,0,0,0,0,0,1,1,0,2,0,0,8,4,"211100"
0,0,0,2,0,2,0,1,0,0,2,0,0,2,1,0,0,0,2,1,2,0,0,0,4,3,3,6,"110000"
0,1,0,2,1,0,0,1,0,2,1,2,2,1,2,0,0,1,0,2,0,0,0,2,0,0,6,7,"212000"
0,0,0,0,2,0,2,1,2,2,0,0,1,2,2,0,0,2,1,2,2,0,0,0,0,0,3,9,"161200"
1,1,2,1,2,1,0,0,0,2,1,2,1,2,1,0,0,0,2,2,1,2,1,2,0,0,9,9,"232400"
1,0,0,0,1,1,0,1,2,0,2,0,2,2,1,0,0,2,0,0,0,0,0,0,0,0,5,5,"030200"
2,1,0,1,0,1,1,0,2,2,2,1,0,2,0,1,0,0,1,2,1,0,2,0,0,0,8,7,"011100"
2,1,2,0,2,0,1,1,1,1,0,2,0,1,1,2,0,1,2,0,0,0,2,1,0,0,9,7,"222311"
2,0,0,0,0,2,1,1,1,2,0,0,0,1,2,0,2,1,0,0,0,0,2,0,0,0,5,6,"132305"
0,1,0,0,0,0,0,0,0,0,0,0,1,0,0,0,2,0,2,2,0,0,2,0,6,5,2,4,"140000"
1,0,1,2,0,0,0,0,0,0,2,0,0,0,1,0,2,1,2,0,2,0,0,1,0,0,5,5,"020100"
2,2,0,0,1,0,0,2,1,1,1,1,1,0,1,0,2,1,2,0,0,2,1,2,0,0,9,7,"231300"
0,1,2,1,2,0,1,2,2,1,0,0,2,2,2,0,0,2,0,0,0,0,0,2,0,0,4,9,"101700"
1,0,0,0,1,2,1,2,0,1,1,1,0,2,0,1,0,0,2,0,0,0,1,0,0,0,8,4,"051500"
0,0,0,2,1,1,1,2,2,0,1,2,1,1,1,0,0,0,0,1,0,2,1,0,0,0,9,5,"151427"
2,0,0,0,0,0,2,1,2,0,0,1,0,0,0,0,0,0,1,1,1,2,0,0,4,4,5,4,"070000"
2,1,0,0,0,0,0,0,0,2,0,0,0,1,0,0,0,0,2,0,0,1,2,0,0,0,3,4,"011500"
0,0,1,0,0,0,0,1,0,1,1,1,1,2,2,0,0,0,0,0,0,2,2,0,1,0,6,4,"040000"
0,0,1,0,2,0,0,0,0,0,2,1,1,1,0,2,2,0,1,2,0,1,2,0,0,0,6,6,"060700"
1,1,2,2,0,0,0,0,0,0,1,0,2,1,2,0,0,0,0,0,0,1,1,2,0,0,6,5,"170710"
2,0,2,2,1,0,0,2,0,2,1,0,0,0,0,0,0,2,0,2,0,2,1,0,0,0,3,8,"110100"
0,1,0,0,0,2,0,1,0,1,0,2,1,1,2,2,1,2,0,1,1,2,2,1,0,0,9,7,"071700"
0,2,0,0,0,1,0,0,0,0,0,0,0,0,0,0,0,2,2,1,1,0,2,0,0,0,3,4,"151305"
2,2,1,1,0,0,0,0,0,1,1,2,0,2,1,2,0,1,1,0,0,2,2,1,0,0,8,7,"101100"
0,1,2,1,0,0,2,1,2,0,1,2,1,1,2,2,2,1,0,2,2,1,1,0,0,0,9,9,"101122"
1,2,0,0,0,0,0,2,0,1,0,0,0,2,0,0,0,0,0,0,0,1,0,0,6,5,3,3,"110000"
0,2,1,0,0,0,0,0,0,0,0,0,0,0,1,0,2,0,0,1,2,0,2,0,0,0,3,4,"031100"
2,2,1,1,1,0,2,0,0,2,1,0,0,0,0,0,1,0,1,0,0,2,1,0,0,0,7,5,"161520"
0,2,1,1,2,2,0,0,0,0,2,0,2,1,2,0,0,0,0,0,0,2,0,2,0,0,3,8,"130500"
0,2,1,2,0,1,0,0,0,2,0,2,0,0,2,0,1,0,0,1,0,1,1,1,0,0,7,5,"151600"
0,0,0,1,0,0,1,0,2,1,1,1,0,0,0,0,0,0,1,0,2,2,0,0,2,2,6,3,"010000"
2,0,0,2,0,2,0,0,0,1,0,2,2,0,0,1,0,1,0,0,0,0,0,0,0,0,3,5,"072510"
0,1,0,0,0,0,0,2,0,1,0,1,0,0,0,0,0,2,0,0,0,2,2,2,0,0,3,5,"011724"
2,1,0,0,1,0,0,1,2,2,2,1,0,0,0,0,1,0,0,2,0,2,1,1,0,0,7,6,"111000"
0,0,0,0,0,0,1,2,0,0,2,0,1,0,0,0,1,2,0,1,0,0,0,0,0,0,4,3,"151600"
1,0,0,0,2,0,0,0,2,1,0,0,0,1,2,0,2,0,0,0,0,1,0,0,0,0,4,4,"060500"
0,0,0,0,2,1,0,2,0,0,0,0,0,0,0,0,0,0,0,1,0,1,2,1,0,0,4,3,"121300"
0,0,0,2,0,0,1,1,2,0,2,0,0,0,1,0,0,0,2,0,0,0,0,0,3,3,3,4,"020000"
1,2,2,0,1,0,0,0,0,0,2,0,1,0,1,0,0,0,0,0,1,1,2,0,0,0,6,4,"141500"
0,0,0,0,0,1,0,0,2,0,0,0,0,1,2,0,2,0,0,0,1,0,0,2,0,0,3,4,"142400"
2,2,0,1,2,1,0,1,2,1,2,2,2,0,1,0,0,1,0,2,0,1,0,0,2,1,7,8,"020000"
2,2,2,0,1,0,0,0,0,2,1,0,0,0,0,1,0,0,1,0,0,0,0,2,0,0,4,5,"111004"
0,1,2,0,0,0,0,1,2,2,1,0,2,1,1,1,2,2,0,1,2,0,0,0,0,0,7,7,"171000"
0,0,0,0,2,1,2,1,2,1,1,2,1,2,0,0,0,2,0,1,0,2,0,0,3,2,6,7,"260000"
2,2,2,1,1,1,0,0,0,1,0,2,1,0,1,0,0,2,0,0,1,2,1,2,0,0,8,7,"121304"
1,1,0,2,0,0,1,0,0,2,1,2,1,1,0,2,2,2,2,1,0,2,2,0,1,0,7,9,"021000"
2,0,2,2,0,0,1,0,0,2,1,1,2,0,2,1,2,0,1,1,2,1,1,0,0,0,8,8,"202100"
0,0,0,0,2,0,2,1,2,0,0,0,0,0,0,1,0,0,2,1,2,0,2,0,0,0,3,6,"260100"
2,1,0,1,0,0,0,0,0,1,0,2,2,0,0,0,0,2,0,0,0,0,0,0,0,0,3,4,"102200"
1,2,0,0,0,2,0,0,0,2,0,2,2,0,0,0,1,0,2,2,2,1,1,2,0,0,4,9,"252600"
0,2,0,2,1,0,0,2,0,2,1,2,2,0,1,0,0,0,0,0,0,0,0,0,0,0,3,6,"032200"
1,1,0,0,0,0,0,0,0,1,0,0,0,0,2,0,0,0,0,2,0,1,2,1,3,3,5,3,"020300"
1,2,0,2,1,0,2,2,1,1,2,2,0,0,1,1,2,0,2,1,0,0,1,0,0,0,8,8,"050625"
2,0,2,0,0,0,0,1,0,2,1,2,1,0,0,0,0,0,0,0,0,2,1,2,3,2,4,6,"010000"
1,0,1,2,1,1,0,1,0,1,0,2,0,0,1,0,0,2,1,0,0,1,0,2,0,0,9,4,"000104"
2,0,0,1,0,0,0,0,0,0,1,0,0,1,0,0,0,0,1,0,0,0,2,0,5,5,4,2,"120000"
2,2,0,0,0,0,0,0,0,0,2,0,0,0,0,0,2,0,1,1,1,0,0,0,0,0,3,4,"152700"
0,0,0,2,0,0,0,0,0,2,1,0,0,0,2,2,0,0,2,1,2,0,2,1,0,0,3,7,"042500"
0,2,0,1,2,0,2,1,0,0,1,2,1,1,0,2,1,0,1,2,0,0,1,2,0,0,8,7,"252400"
0,2,1,2,1,0,0,1,0,0,1,0,0,2,0,0,0,0,1,0,0,0,0,0,0,0,5,3,"212000"
0,0,1,0,0,2,0,0,0,2,1,0,1,1,0,0,2,0,2,1,2,2,0,1,0,0,6,6,"040312"
2,2,0,0,1,0,1,2,0,1,1,1,0,0,0,0,1,1,0,0,2,2,1,1,0,0,9,5,"272614"
2,1,0,1,2,0,0,2,0,2,2,1,0,0,1,2,1,0,1,2,0,2,0,0,2,1,6,8,"130000"
2,0,0,0,0,0,2,0,2,1,0,2,2,0,0,2,2,1,0,0,0,1,1,0,0,0,4,7,"050400"
0,1,2,2,2,1,0,0,1,2,0,2,0,2,0,0,0,0,0,0,0,1,0,2,0,0,4,7,"222100"
0,0,0,0,0,0,0,0,0,1,0,0,1,0,2,1,2,0,2,1,1,0,0,1,0,0,6,3,"070600"
0,1,1,0,2,0,0,0,0,1,2,2,0,0,2,0,0,0,1,2,0,2,0,0,0,0,4,6,"070003"
0,0,1,0,0,0,2,1,0,2,0,0,1,0,2,0,1,0,0,1,0,0,1,2,0,0,6,4,"231300"
1,0,2,0,0,0,1,1,0,2,2,1,1,2,0,1,1,1,0,0,0,2,2,1,0,0,9,6,"211100"
0,0,0,0,0,0,0,0,2,0,0,1,2,0,0,0,2,2,1,1,1,0,0,0,0,0,4,4,"141300"
0,0,0,1,1,0,0,2,0,1,2,2,1,1,1,1,0,2,0,2,1,2,1,2,0,0,9,7,"131215"
2,1,1,0,1,1,1,2,0,1,0,0,0,0,0,0,0,0,1,0,0,2,1,1,0,0,9,3,"111000"
2,0,0,0,2,1,1,2,0,2,0,1,0,2,0,0,0,1,0,2,1,2,0,0,0,0,5,7,"271700"
0,1,0,2,1,1,0,2,0,2,2,2,1,2,0,0,1,0,0,2,0,0,1,2,0,0,6,8,"010200"
0,0,2,0,0,0,2,0,0,0,0,0,2,1,1,0,2,0,0,1,0,0,0,1,5,5,4,4,"140000"
2,0,1,0,0,0,0,0,0,0,0,0,0,2,1,0,1,0,0,1,0,2,1,0,0,0,5,3,"050400"
1,1,1,2,0,2,2,1,0,2,0,1,2,1,0,2,0,0,1,1,1,0,2,0,0,0,9,7,"011100"
0,0,0,0,0,2,1,1,1,0,0,2,0,0,0,1,0,2,0,0,0,0,0,0,5,5,4,3,"170000"
0,1,0,2,2,1,0,0,0,1,2,1,0,1,0,0,2,2,2,1,2,0,1,0,0,0,7,7,"050600"
2,2,2,1,1,0,1,0,0,1,2,0,1,1,1,1,0,0,0,1,0,0,0,0,0,0,9,4,"262500"
0,2,0,1,0,2,0,0,0,0,1,0,0,0,0,1,0,0,2,1,2,0,2,0,5,4,4,5,"130000"
0,1,0,1,0,0,0,0,2,1,2,2,0,2,2,0,1,0,2,1,1,2,0,0,0,0,6,7,"010000"
0,0,0,0,1,0,2,0,0,0,1,0,0,1,2,2,0,0,0,1,0,0,1,2,0,0,5,4,"152500"
1,0,0,2,1,2,2,0,2,0,1,0,0,1,1,0,0,0,0,0,0,1,0,0,0,0,6,4,"030200"
1,0,1,0,1,0,0,0,0,1,0,0,2,2,0,0,2,0,0,2,0,0,2,0,0,0,4,5,"071700"
0,1,0,0,1,0,2,1,1,0,1,0,0,2,1,0,2,1,0,2,1,0,0,0,0,0,8,4,"222300"
0,1,0,0,2,2,0,1,2,0,0,0,0,1,2,0,0,0,0,0,0,0,0,0,0,0,3,4,"012300"
0,1,0,0,0,0,0,1,2,1,1,0,2,1,0,0,1,0,2,1,2,0,0,0,0,0,7,4,"252400"
0,2,1,2,1,1,0,1,1,1,0,2,0,2,0,1,0,0,2,0,0,2,1,1,0,0,9,6,"071700"
2,2,2,0,1,1,1,0,0,0,2,0,1,2,1,0,0,0,0,2,2,2,0,0,0,0,5,8,"232200"
0,2,1,1,2,0,0,0,0,0,2,2,0,0,2,1,0,0,0,0,0,2,2,2,0,0,3,8,"260700"
0,1,2,0,0,1,1,2,2,0,1,0,2,1,0,2,1,1,2,2,2,2,0,0,1,0,7,9,"110000"
0,0,0,0,2,0,0,1,0,0,0,0,0,0,0,0,2,0,1,2,2,2,1,1,5,4,4,5,"130000"
0,0,2,1,2,0,0,0,2,0,1,2,1,0,2,1,0,0,1,0,0,1,0,2,0,0,6,6,"161500"
0,2,0,0,0,0,0,1,0,2,1,2,2,0,0,0,1,0,2,2,0,2,0,1,0,0,4,7,"212200"
0,1,1,0,0,2,0,0,0,0,1,0,0,2,0,0,1,0,1,2,0,0,1,0,0,0,6,3,"170700"
0,2,2,0,0,2,1,0,0,1,0,1,0,2,0,1,0,2,1,0,0,0,2,0,0,0,5,6,"262500"
0,2,0,2,0,0,0,2,0,0,1,0,0,0,1,0,0,1,0,1,1,2,2,1,0,0,6,5,"171601"
0,2,0,0,0,1,2,0,1,1,0,2,1,0,0,1,0,1,0,1,0,0,0,0,0,0,7,3,"152527"
2,2,1,1,2,1,2,1,2,1,0,2,2,0,0,0,0,1,0,0,0,1,1,1,0,0,9,7,"040300"
2,2,2,0,1,2,0,2,0,1,1,1,1,2,1,0,0,0,2,0,2,0,0,0,1,0,6,8,"150000"
0,0,1,2,0,0,0,0,0,0,0,1,1,1,0,2,2,2,0,1,0,0,0,1,0,0,6,4,"040500"
0,2,0,0,1,0,2,2,2,1,1,1,2,1,1,0,1,2,0,0,0,0,0,0,0,0,7,6,"030400"
1,1,0,2,2,2,2,0,1,2,1,1,0,1,2,0,2,1,0,1,0,0,0,0,0,0,8,7,"222100"
1,0,0,1,1,2,0,1,0,0,0,0,2,0,2,2,2,0,2,2,2,0,0,2,0,0,4,9,"000125"
1,1,0,0,0,0,1,0,0,0,1,2,1,0,1,2,2,2,0,1,1,0,2,0,0,0,8,5,"011100"
0,0,0,0,0,0,0,1,1,1,1,1,0,0,1,2,0,2,0,0,2,2,1,0,0,0,7,4,"272024"
0,1,2,0,2,0,2,0,1,2,1,2,0,0,1,2,0,0,2,0,0,1,0,0,0,0,5,7,"060500"
0,1,0,0,1,2,1,0,0,0,0,0,1,2,1,0,0,0,0,0,2,0,2,0,0,0,5,4,"202105"
2,1,0,0,0,1,0,0,0,2,0,0,0,2,0,1,0,0,0,0,1,2,0,0,4,4,4,4,"110000"
1,0,0,0,0,1,0,0,0,2,0,2,0,1,0,0,0,0,1,1,2,1,0,1,0,0,7,3,"150527"
0,0,2,2,0,1,1,0,2,1,0,2,1,1,1,1,2,0,2,1,2,2,0,0,0,0,8,8,"071700"
0,0,1,1,2,0,0,0,0,0,0,0,0,2,0,0,0,0,2,1,1,0,0,0,0,0,4,3,"020100"
2,0,0,0,1,1,0,0,0,0,1,0,1,0,0,0,2,1,0,2,0,2,1,0,0,0,6,4,"121300"
0,1,0,1,1,0,2,1,0,1,1,2,0,0,0,1,2,0,2,0,0,1,2,0,0,0,8,5,"010016"
1,0,0,0,0,0,2,2,2,1,0,0,0,0,0,0,0,0,0,0,0,1,1,1,0,0,5,3,"000100"
2,0,0,0,1,0,0,0,2,0,0,0,2,2,2,1,1,2,2,1,0,0,1,0,2,1,5,7,"010000"
0,2,0,1,1,2,0,1,0,0,1,0,0,0,0,0,0,0,1,2,0,0,0,2,4,4,5,4,"260000"
0,2,0,0,0,2,0,0,0,0,1,2,0,0,0,0,0,0,2,1,0,0,1,1,0,0,4,4,"050600"
2,0,0,1,2,0,1,2,1,0,2,0,0,0,0,0,0,0,0,0,0,0,0,0,0,0,3,4,"220100"
2,0,2,2,2,0,0,1,1,1,2,0,1,0,1,1,0,1,0,0,2,0,0,1,0,0,8,6,"231300"
0,1,0,0,1,0,0,1,0,2,0,0,0,0,2,0,0,0,0,2,0,0,1,0,0,0,4,3,"050600"
1,2,0,1,1,2,0,0,0,2,1,2,0,1,0,0,2,0,1,1,2,1,0,1,0,0,9,6,"150507"
1,2,0,0,0,2,0,2,0,2,0,0,0,0,2,0,0,0,1,1,1,0,0,0,0,0,4,5,"152500"
1,0,0,0,0,0,1,0,2,1,1,1,0,0,2,0,1,2,2,0,1,1,2,0,0,0,8,5,"272600"
1,2,0,0,0,0,1,0,0,2,0,0,0,0,0,1,2,0,0,2,0,2,0,2,0,0,3,6,"200500"
0,0,0,0,2,0,0,1,0,1,1,1,0,0,0,0,0,0,0,2,0,2,1,1,0,0,6,3,"272600"
1,0,2,2,0,1,0,1,1,0,1,1,1,2,0,0,1,2,0,2,1,0,0,2,0,0,9,6,"000713"
0,2,0,0,2,2,0,0,0,1,1,1,2,1,0,0,0,0,0,0,0,0,0,0,4,4,4,4,"210000"
2,0,1,0,0,0,0,0,2,1,0,0,2,0,1,0,0,0,0,0,0,1,0,0,0,0,4,3,"030400"
1,2,1,1,0,0,0,0,0,2,2,1,0,0,0,0,0,0,0,0,0,0,0,0,0,0,4,3,"101100"
1,2,0,2,0,0,0,2,0,1,0,0,0,2,2,2,0,0,0,2,0,1,0,2,0,0,3,8,"060200"
0,0,1,0,2,0,0,0,2,0,0,0,2,0,1,0,0,2,0,0,0,0,0,1,0,0,3,4,"042100"
0,1,0,0,2,1,0,1,0,0,0,0,1,1,2,0,0,0,1,2,0,0,0,1,0,0,7,3,"040500"
2,0,0,2,1,0,1,0,2,1,1,2,2,1,0,2,0,1,2,2,1,0,0,0,2,1,7,8,"010000"
0,1,0,2,0,1,1,1,1,0,0,2,0,2,0,0,0,0,1,0,2,2,0,2,3,2,6,6,"110600"
2,2,1,0,0,1,2,0,1,1,2,0,0,0,2,0,1,2,0,1,0,1,1,1,0,0,9,6,"222300"
1,0,0,2,0,1,0,0,0,1,2,1,0,2,0,2,2,0,2,1,1,2,1,0,0,0,7,7,"000100"
0,0,0,1,0,2,2,1,2,2,1,1,1,1,2,0,2,1,1,2,2,0,0,0,0,0,8,8,"101100"
0,0,0,0,0,1,1,0,2,1,1,1,0,0,2,2,0,2,0,1,1,0,1,2,0,0,8,5,"171622"
1,0,0,0,1,0,0,0,2,2,1,0,0,0,1,0,0,0,0,1,0,2,2,0,0,0,5,4,"030400"
2,1,1,0,0,0,0,0,0,1,0,0,2,0,0,2,0,0,0,0,0,0,1,0,0,0,4,3,"020300"
0,0,0,1,0,2,0,0,0,1,2,0,1,0,2,0,0,2,0,0,2,0,1,1,0,0,5,5,"231300"
1,1,1,2,2,2,0,0,0,2,1,0,0,1,2,2,1,0,0,2,0,1,1,2,0,0,8,8,"252400"
0,2,0,0,2,0,1,2,1,0,0,1,2,2,1,1,2,1,0,2,0,1,1,2,0,0,8,8,"271700"
2,2,0,0,1,2,0,0,0,0,0,0,0,1,0,2,1,1,1,0,0,0,1,0,0,0,6,4,"112100"
1,0,0,1,0,2,1,0,0,2,1,2,2,2,0,1,1,1,1,0,0,2,1,0,0,0,9,6,"161512"
1,2,0,2,0,1,0,2,1,2,1,2,2,2,0,0,0,0,2,0,0,0,0,2,0,0,4,9,"121100"
0,0,0,0,2,2,0,0,0,0,1,2,0,0,0,0,0,0,2,1,0,0,1,0,0,0,3,4,"051300"
0,1,0,2,1,0,0,0,1,1,0,0,2,0,1,0,0,0,0,2,1,0,2,0,0,0,6,4,"141300"
2,0,1,2,0,2,0,2,0,2,0,0,0,1,1,0,0,0,0,0,0,2,0,1,0,0,4,6,"020100"
2,1,1,1,1,1,0,2,0,0,0,0,0,0,1,0,2,0,2,2,2,2,1,1,0,0,8,7,"101700"
0,0,0,0,0,0,0,0,0,1,1,1,2,1,0,0,0,2,0,2,0,0,0,0,5,5,4,3,"220000"
0,0,0,0,0,0,0,0,0,0,0,0,2,0,2,2,1,0,0,2,1,0,1,0,0,0,3,4,"140400"
0,2,0,1,1,1,1,1,2,2,1,1,0,2,0,0,0,2,2,2,1,0,0,0,1,1,8,7,"261300"
1,1,1,0,1,2,0,1,2,0,0,0,2,0,1,2,2,1,0,1,2,1,2,0,0,0,9,7,"031300"
1,1,2,0,2,0,0,0,0,2,1,0,2,2,1,0,0,0,0,1,0,2,0,1,3,3,6,6,"160000"
0,0,0,0,2,0,0,0,0,0,1,0,0,0,1,2,0,0,2,1,1,0,0,0,0,0,4,3,"141300"
2,0,2,0,0,0,0,0,1,0,0,2,1,2,0,0,2,1,0,0,0,0,2,0,0,0,3,6,"242000"
0,0,1,1,1,1,0,0,2,2,0,2,0,2,1,0,0,0,0,0,0,0,0,1,3,3,6,4,"170000"
0,0,0,1,2,0,0,0,2,2,1,0,0,2,0,1,0,2,1,2,0,0,1,0,0,0,5,6,"050600"
0,0,1,2,0,2,0,1,1,0,2,0,1,0,0,0,1,1,0,0,0,0,0,0,0,0,6,3,"212000"
0,2,1,0,1,0,0,1,2,2,1,2,1,1,1,2,1,2,0,0,0,0,2,1,0,0,9,7,"131200"
2,2,2,0,1,0,0,0,1,0,0,1,2,1,1,2,1,0,2,2,2,1,0,0,0,0,7,8,"272000"
2,0,0,2,0,0,0,0,0,1,0,0,0,0,0,0,0,0,1,0,0,1,0,2,0,0,3,3,"062700"
0,2,0,1,0,2,0,0,0,0,1,0,0,0,0,0,0,0,1,2,0,0,0,0,0,0,3,3,"160700"
0,1,2,0,0,0,2,0,2,2,1,0,0,0,1,0,0,0,1,0,0,0,1,0,0,0,5,4,"031300"
0,0,0,0,1,1,0,0,2,0,0,0,0,0,0,0,0,0,1,1,2,2,0,0,0,0,4,3,"111000"
0,2,1,0,0,0,0,2,1,0,1,2,0,2,1,0,0,2,0,2,0,0,0,2,0,0,4,7,"171000"
1,2,0,2,2,0,1,1,1,2,1,2,1,2,1,0,0,2,0,0,1,0,0,2,0,0,8,8,"171600"
2,0,0,0,0,0,0,0,0,0,2,0,0,1,1,0,1,0,2,1,2,1,0,1,0,0,6,4,"040517"
0,0,2,2,1,0,0,0,0,0,0,0,0,0,0,0,2,0,0,1,0,0,1,0,0,0,3,3,"051600"
2,2,2,0,0,0,0,0,0,0,1,1,0,0,0,0,0,0,0,1,0,0,0,1,0,0,4,3,"040500"
1,1,0,0,0,0,2,2,0,0,1,2,0,1,2,2,0,1,0,0,2,1,0,0,0,0,6,6,"011100"
0,1,0,0,2,2,0,0,1,0,2,2,2,1,1,0,0,2,0,2,0,2,0,2,0,0,4,9,"010000"
0,1,0,2,2,2,2,0,0,2,0,2,1,1,2,0,2,0,0,1,0,0,0,0,0,0,4,8,"151600"
2,2,0,1,1,1,0,0,0,0,1,0,0,0,2,0,1,0,1,0,0,0,1,2,0,0,7,4,"161501"
0,0,0,1,0,0,1,0,0,2,1,0,0,2,0,1,0,0,0,1,0,0,2,2,0,0,5,4,"151605"
1,2,1,0,1,0,1,2,1,0,0,0,1,2,1,0,0,0,0,0,0,0,1,0,0,0,8,3,"050421"
0,2,1,0,0,0,0,0,0,2,1,2,0,0,0,1,0,0,0,0,0,1,0,0,0,0,4,3,"262500"
0,0,1,0,0,0,2,0,2,0,2,0,2,0,1,0,2,0,0,0,1,0,0,1,0,0,4,5,"040500"
0,0,0,0,0,0,0,1,2,0,0,0,1,2,2,1,2,0,1,1,0,0,0,0,0,0,5,4,"161700"
0,0,0,0,2,0,0,0,0,0,2,2,0,1,1,0,0,1,2,0,2,2,2,2,0,0,3,8,"242317"
2,1,0,1,0,0,0,0,0,2,1,2,0,0,0,0,1,0,0,0,0,2,1,0,0,0,5,4,"101100"
0,0,2,1,0,0,1,0,1,0,0,1,0,1,0,0,0,2,0,1,0,0,1,2,0,0,7,3,"130300"
1,0,0,0,0,0,2,2,0,2,2,1,0,0,0,1,1,1,0,1,0,2,1,0,2,2,7,5,"220000"
0,1,0,2,1,0,2,1,0,0,2,0,0,0,0,2,2,1,2,1,0,0,1,0,1,0,6,6,"270000"
1,2,2,0,1,1,0,0,0,1,2,2,0,0,0,0,1,0,0,0,0,1,0,1,0,0,7,4,"251500"
0,2,1,0,2,0,2,0,0,1,2,0,0,0,1,2,1,2,0,2,0,0,0,0,0,0,4,7,"070600"
2,2,0,0,0,1,0,0,0,0,0,0,0,0,1,0,0,0,0,0,0,2,0,0,7,6,2,3,"070000"
2,0,2,0,0,0,1,2,0,1,2,2,0,2,1,0,0,0,0,2,0,0,2,2,0,0,3,9,"201400"
0,0,0,0,0,0,2,2,0,0,0,0,0,0,0,0,2,0,1,1,1,0,2,2,0,0,3,5,"161300"
2,0,0,1,0,0,1,0,2,1,1,0,0,2,0,1,1,2,1,0,0,2,1,0,0,0,8,5,"172722"
1,0,0,0,0,2,1,0,2,2,0,0,0,0,0,0,1,0,0,1,0,2,1,2,4,3,5,5,"260000"
0,2,0,0,0,1,0,1,1,0,0,2,1,1,0,1,0,1,0,1,2,0,1,0,0,0,9,3,"242527"
0,1,0,2,1,0,0,0,0,2,2,2,1,1,0,0,1,0,1,2,0,0,0,1,1,1,7,5,"220000"
0,0,0,0,0,1,2,2,0,0,0,0,1,0,0,0,0,0,2,0,1,2,2,2,0,0,3,6,"231316"
1,1,0,1,2,2,0,0,0,0,2,1,2,1,1,0,2,1,2,0,0,2,0,0,0,0,7,7,"030216"
1,0,0,1,0,0,0,0,0,0,2,1,0,0,0,0,0,0,2,1,0,2,0,0,0,0,4,3,"000700"
0,2,0,0,0,0,0,1,0,2,0,1,1,1,1,0,1,1,2,2,1,2,0,0,0,0,8,5,"212207"
0,0,0,0,0,0,0,0,0,1,1,1,2,2,0,0,0,0,2,1,0,0,0,0,4,4,4,3,"030000"
2,1,2,1,0,0,0,0,0,1,2,1,0,1,2,0,1,1,2,0,0,0,2,1,0,0,8,6,"251500"
0,0,2,1,1,0,2,1,2,0,0,2,2,1,0,0,0,2,0,0,1,2,0,1,0,0,6,7,"110100"
0,0,0,0,0,2,0,1,0,2,0,2,0,0,1,0,1,0,0,0,0,2,0,0,6,5,3,4,"170000"
0,0,0,0,2,0,0,2,0,1,1,1,0,0,0,0,0,0,0,1,1,0,0,0,4,4,5,2,"161100"
1,1,1,0,0,0,0,0,0,0,2,2,1,0,0,0,0,1,2,0,1,1,0,0,0,0,7,3,"060700"
0,0,1,0,0,1,0,2,0,2,2,0,0,0,0,2,1,0,0,1,0,0,1,0,0,0,5,4,"121300"
2,1,0,2,1,0,1,2,0,1,1,1,0,2,0,0,1,2,0,0,0,2,0,0,0,0,7,6,"252621"
1,1,0,0,1,0,0,1,0,1,0,2,0,0,2,1,1,2,0,0,2,0,0,0,0,0,7,4,"010200"
0,0,0,2,1,0,1,1,0,0,0,0,1,1,1,0,2,0,0,2,0,0,0,0,0,0,6,3,"232210"
0,1,0,2,2,2,0,1,0,1,1,1,0,1,1,0,0,0,0,1,0,0,2,0,0,0,8,4,"152500"
0,2,0,2,1,2,0,0,0,1,0,0,2,2,1,0,0,2,1,0,0,0,1,2,0,0,5,7,"051500"
0,0,1,0,0,0,0,0,2,2,0,0,2,0,0,0,0,0,0,0,1,0,2,1,0,0,3,4,"140322"
0,2,0,0,2,0,0,0,0,1,1,0,0,0,0,0,2,0,2,1,0,2,2,2,0,0,3,7,"152725"
0,2,2,0,1,2,0,0,1,2,0,0,0,1,2,0,0,0,1,0,2,0,2,0,0,0,4,7,"111000"
0,1,0,2,2,2,0,0,2,0,2,0,2,0,1,0,2,1,0,2,0,0,2,0,0,0,3,9,"031600"
0,1,0,2,2,0,1,2,0,2,0,0,2,1,2,0,0,0,0,1,0,0,2,0,0,0,4,7,"152500"
2,2,1,0,0,2,0,0,0,2,0,0,0,2,2,1,2,0,0,1,0,2,0,2,0,0,3,9,"261700"
0,0,2,0,0,0,0,2,1,0,0,0,2,1,0,0,2,0,0,0,1,0,0,0,0,0,3,4,"142400"
2,1,0,0,0,0,2,0,1,0,1,0,2,0,0,0,0,2,0,0,0,0,0,0,0,0,3,4,"222100"
0,2,1,0,1,0,2,1,0,1,1,1,0,0,0,0,0,2,0,0,0,0,0,0,0,0,6,3,"070000"
1,0,0,2,0,0,1,1,2,0,2,0,2,0,0,0,0,2,2,0,0,0,0,0,2,1,3,6,"010000"
1,2,1,1,0,2,2,1,1,1,2,0,0,1,0,0,2,0,0,0,0,1,2,1,0,0,9,6,"222300"
1,0,0,2,2,1,1,0,0,0,2,0,1,2,2,0,0,0,1,0,0,0,0,0,4,4,5,5,"150000"
0,0,0,1,1,1,0,2,0,1,0,1,0,2,1,2,2,1,0,1,2,2,2,1,0,0,9,7,"101721"
2,1,1,2,1,2,0,1,0,1,1,0,2,0,0,0,1,0,2,1,0,0,1,0,0,0,9,5,"252400"
2,1,0,0,2,0,0,1,0,2,1,2,0,0,0,1,1,0,0,1,0,2,1,0,0,0,7,5,"252400"
2,0,0,1,0,0,0,2,0,1,1,2,0,0,0,0,0,0,0,0,0,2,0,0,0,0,3,4,"072000"
0,0,2,2,1,0,0,0,2,2,0,0,1,2,1,1,2,2,2,1,0,1,1,1,0,0,8,8,"110100"
0,2,0,0,1,1,0,0,0,2,1,1,2,2,0,2,1,0,2,2,1,1,1,1,0,0,9,7,"040300"
0,0,0,0,1,2,0,0,0,1,1,2,2,1,0,0,0,0,0,0,0,0,1,2,0,0,5,4,"130300"
2,1,0,2,0,0,1,0,2,2,2,1,2,0,1,1,0,0,2,0,0,2,1,0,0,0,6,8,"202100"
0,1,0,1,0,0,0,0,0,2,1,2,0,0,1,0,1,0,0,1,1,1,1,2,0,0,9,3,"171607"
0,0,0,1,1,1,0,2,0,1,0,0,1,0,1,0,0,2,0,0,0,2,0,2,0,0,6,4,"070000"
0,1,2,2,2,1,0,1,0,2,0,2,0,0,0,0,0,0,0,0,2,1,0,2,0,0,4,7,"212200"
0,0,2,1,2,1,0,1,0,0,2,0,2,1,0,2,0,0,0,1,0,0,0,0,0,0,5,5,"151417"
0,0,0,1,0,0,0,2,0,0,0,0,2,0,0,0,2,1,0,0,0,2,1,0,0,0,3,4,"051600"
0,1,1,1,2,1,0,0,0,1,0,0,0,2,0,0,2,0,1,2,0,0,0,0,0,0,6,4,"161700"
2,0,0,0,0,0,1,2,0,0,0,2,1,0,0,0,0,2,0,0,0,0,1,0,0,0,3,4,"200300"
1,2,2,2,0,0,0,0,0,1,0,0,0,0,0,0,0,0,0,0,0,1,0,0,0,0,3,3,"070400"
1,0,0,2,1,0,0,1,0,0,1,2,1,0,0,0,1,2,0,2,1,1,2,1,0,0,9,5,"000127"
2,1,2,0,1,0,0,1,1,0,2,0,0,0,2,0,1,0,1,1,0,0,0,0,0,0,7,4,"252400"
0,0,2,2,1,2,0,2,0,0,0,0,0,0,0,0,0,0,0,1,1,2,0,0,0,0,3,5,"111610"
2,2,1,0,1,2,1,1,0,2,1,2,1,2,0,1,0,0,0,0,2,0,2,0,0,0,7,8,"232227"
1,0,0,1,1,0,0,0,2,2,1,1,0,0,0,2,2,0,2,0,1,0,0,0,0,0,6,5,"141300"
0,1,0,2,1,0,1,0,1,0,1,2,0,0,0,2,1,1,0,1,0,0,0,2,0,0,8,4,"150500"
0,0,2,1,0,1,0,0,2,0,0,0,2,1,2,0,0,0,0,0,0,0,0,0,0,0,3,4,"120400"
2,0,0,0,1,0,0,0,0,1,1,1,0,0,0,0,0,0,0,0,0,2,2,0,5,5,4,3,"040000"
2,1,0,1,1,0,2,0,0,1,1,0,0,0,2,2,0,0,2,0,0,0,0,0,4,4,5,5,"271600"
0,0,1,0,0,1,0,0,0,0,0,1,0,2,1,0,0,0,2,0,1,0,1,2,0,0,6,3,"271700"
0,0,0,0,0,0,0,0,0,1,1,1,1,0,0,2,2,2,2,1,0,2,0,1,2,1,6,5,"030000"
2,0,0,1,2,0,0,0,0,2,1,0,0,0,0,2,1,0,1,2,0,0,2,0,1,1,4,6,"240000"
0,0,0,0,0,0,0,1,0,0,2,2,0,0,0,0,2,0,1,1,0,2,1,2,5,4,4,5,"141700"
2,1,0,1,0,2,0,0,0,2,0,2,0,2,0,0,2,1,0,1,2,1,1,0,0,0,6,7,"050400"
0,2,0,0,2,0,1,2,1,2,0,2,1,2,0,1,1,1,0,2,0,0,0,1,0,0,7,7,"040500"
2,0,0,1,0,0,0,0,0,2,2,0,0,0,1,0,1,0,0,1,0,0,1,0,0,0,5,3,"101100"
1,0,0,0,2,0,0,0,1,1,1,2,0,0,0,2,1,2,2,1,1,1,0,0,1,1,8,5,"200000"
0,0,0,2,0,1,0,0,0,2,1,0,0,2,0,1,0,0,0,2,0,0,0,0,0,0,3,4,"261600"
0,1,0,0,2,0,0,0,0,1,2,0,0,2,0,0,1,1,2,2,0,2,2,2,0,0,4,8,"070000"
0,1,2,0,1,0,0,1,0,0,1,0,0,0,0,2,0,0,2,1,2,0,2,1,0,0,6,5,"040300"
1,1,0,0,1,0,1,2,0,2,0,2,0,0,0,0,0,0,0,0,0,0,0,0,0,0,4,3,"010200"
0,0,0,0,1,1,0,0,1,0,0,2,1,2,0,0,2,1,0,0,1,0,0,0,0,0,6,3,"222100"
1,1,1,2,2,2,0,1,2,2,1,0,0,1,2,0,1,0,0,2,0,1,2,0,0,0,8,8,"212000"
0,2,0,2,0,1,0,0,2,1,2,0,1,1,2,1,1,1,2,1,0,0,0,2,0,0,8,7,"151401"
